鸡;51;11;160;5;0;0;5;5;0;0;0;1;1;0;0;10;3;1400;1;0;3000;
鹿;52;11;161;12;0;0;15;25;0;0;0;2;4;0;0;7;4;1400;1;0;3000;
鹿1;97;11;161;50;0;0;100;1200;0;35;35;0;100;0;0;17;20;600;1;0;1500;
半兽人;83;19;100;15;0;0;25;30;0;1;0;4;9;0;0;15;6;1500;1;0;2500;
半兽人0;83;19;100;15;0;0;25;30;0;1;0;4;9;0;0;15;7;1500;1;0;2500;
半兽战士;81;19;101;22;0;0;90;100;0;3;1;5;12;0;0;15;9;1500;1;0;2000;
半兽战士0;81;19;101;22;0;0;90;100;0;3;1;5;12;0;0;15;11;1500;1;0;2000;
半兽勇士;81;19;102;28;0;1;300;300;0;0;0;15;32;0;0;15;10;1500;1;0;1500;
半兽勇士1;81;19;102;50;0;1;300;900;0;100;0;0;80;0;0;17;20;600;1;0;1800;
半兽勇士2;81;19;102;50;0;1;1;300;0;20;25;0;20;0;0;17;20;600;1;0;2000;
半兽勇士10;81;19;102;50;0;1;300;300;0;0;0;0;80;0;0;15;13;1500;1;0;1500;
毒蜘蛛;82;19;163;16;0;0;42;42;0;2;1;6;9;0;0;15;5;900;1;0;2500;
卫士;11;12;0;99;0;1;1;9999;0;100;100;200;200;200;200;200;200;500;1;0;4000;
蛤蟆;83;19;162;12;0;0;15;20;0;0;0;0;5;0;0;13;6;1500;1;0;2500;
蛤蟆0;83;19;162;12;0;0;15;20;0;0;0;0;5;0;0;13;8;1500;1;0;2500;
蝎子;84;32;83;18;0;0;45;45;0;2;0;7;16;0;0;15;9;1200;1;0;2500;
山洞蝙蝠;81;19;80;20;0;0;25;25;0;2;0;4;6;0;0;25;10;1200;1;0;2500;
山洞蝙蝠0;81;19;80;20;0;0;25;25;0;2;0;4;6;0;0;25;11;1200;1;0;2500;
森林雪人;83;10;1;16;0;0;30;36;0;2;0;7;10;0;0;12;6;1500;1;0;2500;
暗之赤月恶魔;115;34;131;70;1;10;3500;8000;0;18;18;25;70;0;0;25;25;0;1;0;2000;
食人花;85;13;10;20;0;0;28;28;0;2;0;6;9;0;0;14;9;1500;1;0;2500;
骷髅;86;14;20;18;1;0;85;90;0;0;0;7;10;0;0;13;8;1500;1;0;2500;
骷髅0;86;14;20;18;1;0;85;90;0;0;0;7;10;0;0;13;8;1500;1;0;2500;
掷斧骷髅;87;15;21;18;1;0;90;100;0;0;0;4;9;0;0;12;9;1500;1;0;2500;
掷斧骷髅0;87;15;21;18;1;0;90;100;0;0;0;4;9;0;0;12;9;1500;1;0;2500;
掷斧骷髅9;87;15;21;18;1;0;90;100;0;0;0;10;20;0;0;12;9;1000;1;0;1500;
骷髅战士;88;14;22;19;1;0;95;105;0;0;0;2;15;0;0;13;9;1500;1;0;2500;
骷髅战士0;88;14;22;19;1;0;95;105;0;0;0;2;15;0;0;13;9;1500;1;0;2500;
骷髅战将;89;14;23;20;1;0;100;110;0;2;1;7;13;0;0;15;9;1200;1;0;2300;
骷髅战将0;89;14;23;20;1;0;100;110;0;2;1;7;13;0;0;15;9;1200;1;0;2300;
骷髅精灵;89;14;150;40;1;1;500;500;0;5;4;7;24;0;0;15;12;1200;1;0;2000;
暗之骷髅精灵;89;14;150;40;1;1;100;3000;0;5;100;22;70;0;0;20;20;900;1;0;2000;
骷髅精灵1;89;14;150;50;1;1;100;800;0;0;100;0;60;0;0;17;20;600;1;0;2000;
骷髅精灵2;89;14;150;50;1;1;10;350;0;25;5;0;40;0;0;17;20;600;1;0;2000;
骷髅精灵9;89;14;150;50;1;1;500;500;0;5;4;7;24;0;0;15;14;600;1;0;2000;
骷髅精灵10;89;14;150;40;1;1;500;500;0;5;4;7;24;0;0;15;14;1200;1;0;2000;
洞蛆;90;16;24;21;0;100;150;65;0;0;0;6;8;0;0;12;10;1000;1;0;2500;
多钩猫;81;17;25;13;0;0;17;30;0;0;0;2;4;0;0;7;5;1500;1;0;2500;
多钩猫0;81;17;25;13;0;0;17;30;0;0;0;2;4;0;0;7;5;1500;1;0;2500;
钉耙猫;81;17;26;13;0;0;18;32;0;0;0;2;4;0;0;7;5;1500;1;0;2500;
钉耙猫0;81;17;26;13;0;0;18;32;0;0;0;2;4;0;0;7;5;1500;1;0;2500;
稻草人;83;18;27;10;1;0;12;25;0;0;0;1;2;0;0;8;5;1500;1;0;2500;
稻草人0;83;18;27;10;1;0;12;25;0;0;0;1;2;0;0;8;5;1500;1;0;2500;
稻草人1;83;18;27;50;1;0;100;1000;0;30;30;0;90;0;0;17;20;600;1;0;1500;
沃玛战士;97;19;30;30;1;0;260;265;0;3;2;14;28;0;0;15;12;1000;1;0;2000;
沃玛战士0;97;19;30;30;1;0;260;265;0;3;2;14;28;0;0;15;12;1000;1;0;2000;
沃玛勇士;97;19;32;30;1;0;280;285;0;3;2;16;28;0;0;15;12;1000;1;0;2000;
沃玛勇士0;97;19;32;30;1;0;280;285;0;3;2;16;28;0;0;15;12;1000;1;0;2000;
沃玛战将;97;19;33;30;1;0;280;285;0;3;2;15;29;0;0;15;12;1000;1;0;2000;
沃玛战将0;97;19;33;30;1;0;280;285;0;3;2;15;29;0;0;15;12;1000;1;0;2000;
火焰沃玛;91;20;31;31;1;0;290;340;0;0;0;14;26;0;0;20;13;800;1;0;1700;
火焰沃玛0;91;20;31;31;1;0;290;340;0;0;0;14;26;0;0;20;13;800;1;0;1700;
火焰沃玛2;91;20;31;50;1;0;290;340;0;0;0;14;26;0;0;20;13;800;1;0;1500;
沃玛卫士;97;19;151;50;1;0;1200;1000;0;8;8;22;42;0;0;20;17;800;1;0;1500;
沃玛卫士1;97;19;151;50;1;0;100;600;0;20;20;0;50;0;0;17;19;600;1;0;2500;
沃玛教主;92;21;34;60;1;10;2500;5000;0;17;17;35;60;0;0;30;20;800;1;0;1500;
沃玛教主1;92;21;34;60;1;10;100;100;0;0;0;0;20;0;0;17;20;600;1;0;3000;
暗黑战士;93;22;28;26;0;0;200;165;0;3;2;9;16;0;0;15;13;900;1;0;2500;
暗黑战士0;93;22;28;26;0;0;200;165;0;3;2;9;16;0;0;15;13;900;1;0;2500;
粪虫;106;52;29;26;1;1;180;155;0;3;2;9;17;0;0;15;11;1500;1;0;2500;
粪虫0;106;53;29;26;1;1;180;155;0;3;2;9;17;0;0;15;11;1500;1;0;2500;
僵尸1;94;40;40;25;1;0;160;155;0;0;0;12;16;0;0;13;11;2000;1;0;3000;
僵尸10;94;40;40;25;1;0;160;155;0;0;0;12;16;0;0;13;11;2000;1;0;3000;
僵尸2;95;41;50;25;1;0;160;155;0;2;1;8;17;0;0;15;11;2000;1;0;3000;
僵尸20;95;41;50;25;1;0;160;155;0;2;1;8;17;0;0;15;11;2000;1;0;3000;
僵尸3;96;42;51;25;1;0;160;155;0;2;1;6;17;0;0;15;11;2000;1;0;3000;
僵尸30;96;42;51;25;1;0;160;155;0;2;1;6;17;0;0;15;11;2000;1;0;3000;
僵尸4;96;42;52;25;1;0;160;155;0;2;1;6;17;0;0;15;11;2000;1;0;3000;
僵尸40;96;42;52;25;1;0;160;155;0;2;1;6;17;0;0;15;11;2000;1;0;3000;
僵尸5;96;42;53;25;1;0;160;155;0;2;1;6;17;0;0;15;11;1500;1;0;3000;
僵尸50;96;42;53;25;1;0;160;155;0;2;1;6;17;0;0;15;11;1500;1;0;3000;
尸王;81;19;152;40;1;1;800;500;0;3;3;18;36;0;0;15;15;1500;1;0;2800;
尸王1;81;19;152;50;1;1;800;800;0;100;0;0;60;0;0;17;20;600;1;0;2000;
尸王2;81;19;152;50;1;1;800;500;0;3;3;18;36;0;0;15;15;1200;1;0;2800;
尸王3;81;19;152;40;1;1;800;500;0;3;3;18;36;0;0;15;15;500;1;0;2800;
红蛇;81;19;36;17;0;0;50;50;0;0;2;7;12;0;0;15;11;1200;1;0;2500;
红蛇0;81;19;36;17;0;0;50;50;0;0;2;7;12;0;0;15;11;1200;1;0;2500;
练功师;55;19;72;99;0;0;1;9999;0;0;0;1;1;0;0;15;15;1200;1;0;2500;
变异骷髅;100;23;37;20;1;0;1;60;0;8;10;10;20;0;0;15;15;1200;1;0;2500;
虎蛇;81;19;38;18;0;0;53;53;0;0;2;10;11;0;0;15;11;1200;1;0;2500;
虎蛇0;81;19;38;18;0;0;53;53;0;0;2;10;11;0;0;15;11;1200;1;0;2500;
羊;52;19;43;13;0;0;20;20;0;0;0;1;3;0;0;10;7;1400;1;0;3000;
猎鹰;81;19;44;16;0;0;38;38;0;0;0;7;10;0;0;40;13;1200;1;0;2500;
猎鹰0;81;19;44;16;0;0;38;38;0;0;0;7;10;0;0;40;13;1200;1;0;2500;
盔甲虫;81;19;45;16;0;0;37;50;0;0;0;4;10;0;0;12;7;1200;1;0;2500;
盔甲虫0;81;19;45;16;0;0;37;50;0;0;0;4;10;0;0;12;9;1200;1;0;2500;
沙虫;82;19;48;16;0;0;42;50;0;2;1;6;9;0;0;15;12;1000;1;0;2300;
威思而小虫;82;19;49;17;0;0;51;54;0;0;0;8;11;0;0;15;13;1000;1;0;2300;
多角虫;81;19;90;16;0;0;32;52;0;0;0;7;8;0;0;13;10;1300;1;0;2500;
多角虫0;81;19;90;16;0;0;32;52;0;0;0;7;8;0;0;13;12;1300;1;0;2500;
巨型多角虫;81;19;91;27;0;1;200;250;0;0;0;7;15;0;0;13;12;1000;1;0;2500;
巨型多角虫1;81;19;91;27;0;1;100;900;0;0;100;0;80;0;0;17;20;600;1;0;1800;
巨型多角虫2;81;19;91;27;0;1;1;300;0;15;10;0;40;0;0;15;20;600;1;0;2000;
巨型多角虫3;81;19;91;27;0;1;200;250;0;0;0;7;15;0;0;13;12;1000;1;0;2500;
狼;53;19;70;16;0;0;35;48;0;0;0;6;8;0;0;13;10;1200;1;0;2500;
蜈蚣;81;19;73;26;0;0;230;230;0;0;5;12;17;0;0;15;12;1500;1;0;2000;
蜈蚣0;81;19;73;26;0;0;230;230;0;0;5;12;17;0;0;15;12;1500;1;0;2000;
触龙神;107;33;140;45;0;20;2000;1000;0;20;2000;20;35;0;0;30;30;2000;1;0;2000;
黑色恶蛆;81;19;74;28;0;0;180;230;0;5;0;10;14;0;0;15;12;500;1;0;1500;
黑色恶蛆0;81;19;74;28;0;0;180;230;0;5;0;10;14;0;0;15;12;500;1;0;1500;
钳虫;81;19;120;31;0;0;250;270;0;5;7;15;25;0;0;15;13;1500;1;0;1800;
钳虫0;81;19;120;31;0;0;250;270;0;5;7;15;25;0;0;15;13;1500;1;0;1800;
邪恶钳虫;81;19;121;60;0;1;1400;1000;0;20;10;22;45;0;0;15;17;700;1;0;1800;
邪恶钳虫1;81;19;121;60;0;1;100;600;0;20;20;0;50;0;0;17;18;600;1;0;2500;
邪恶钳虫2;81;19;121;60;0;1;1400;1000;0;20;10;22;45;0;0;15;17;700;1;0;1800;
跳跳蜂;81;19;81;26;1;0;210;200;0;3;3;12;18;0;0;15;12;1500;1;0;2000;
跳跳蜂0;81;19;81;26;1;0;210;200;0;3;3;12;18;0;0;15;12;1500;1;0;2000;
巨型蠕虫;81;19;82;26;1;0;230;200;0;3;3;15;18;0;0;15;12;1200;1;0;2000;
巨型蠕虫0;81;19;82;26;1;0;230;200;0;3;3;15;18;0;0;15;12;1200;1;0;2000;
角蝇;103;43;41;30;0;0;300;200;0;0;6;0;0;0;0;1;1;1200;1;0;2500;
蝙蝠;81;31;42;5;0;0;5;3;0;0;0;0;22;0;0;5;18;1200;1;0;2500;
楔蛾;105;52;39;32;0;100;350;220;0;0;5;13;18;0;0;15;12;600;1;0;2500;
红野猪;81;19;110;32;1;0;320;330;0;0;8;18;25;0;0;15;13;1200;1;0;2000;
红野猪0;81;19;110;32;1;0;320;330;0;0;8;18;25;0;0;15;13;1200;1;0;2000;
红野猪3;81;19;110;40;1;0;320;500;0;0;13;18;30;0;0;15;13;1200;1;0;2000;
黑野猪;81;19;111;35;1;0;380;310;0;10;0;20;26;0;0;15;13;800;1;0;2000;
黑野猪0;81;19;111;35;1;10;380;310;0;10;0;20;26;0;0;15;13;800;1;0;2000;
黑野猪3;81;19;111;40;1;0;380;500;0;15;0;20;32;0;0;15;13;800;1;0;2000;
白野猪;81;19;112;50;1;1;1600;1000;0;15;15;30;65;0;0;25;17;800;1;0;1800;
白野猪0;81;19;112;50;1;1;1600;1000;0;18;18;15;70;0;0;25;17;800;1;0;1800;
白野猪1;81;19;112;50;1;1;100;400;0;0;0;0;40;0;0;17;20;600;1;0;3000;
白野猪2;81;19;112;50;1;1;1600;1000;0;15;15;30;55;0;0;25;17;800;1;0;1800;
蝎蛇;81;19;130;35;1;0;360;330;0;5;3;22;28;0;0;15;13;600;1;0;2000;
蝎蛇0;81;19;130;35;1;0;360;330;0;5;3;22;28;0;0;15;13;600;1;0;2000;
蝎蛇3;81;19;130;40;1;0;360;500;0;8;5;33;42;0;0;15;14;600;1;0;2000;
邪恶毒蛇;81;19;164;50;1;1;160;1100;0;20;30;30;65;0;0;25;17;600;1;0;1800;
邪恶毒蛇1;81;19;164;50;1;1;100;200;0;0;0;0;30;0;0;17;18;600;1;0;3000;
大老鼠;81;19;46;24;1;0;330;385;0;3;5;12;23;0;0;15;12;1200;1;0;2500;
大老鼠0;81;19;46;24;1;0;330;385;0;3;5;12;23;0;0;15;12;1200;1;0;2000;
祖玛弓箭手;104;45;47;40;1;0;420;385;0;10;10;12;18;0;0;15;13;1000;1;0;2000;
祖玛弓箭手0;104;45;47;40;1;0;420;385;0;11;11;13;20;0;0;15;14;1000;1;0;2000;
祖玛弓箭手3;104;45;47;40;1;5;600;800;0;15;15;26;60;0;0;15;17;900;1;0;1600;
祖玛雕像;101;47;61;42;1;0;450;495;0;12;12;20;32;0;0;17;13;900;1;0;2000;
祖玛雕像0;101;47;61;42;1;0;450;495;0;13;13;21;34;0;0;17;13;900;1;0;2000;
祖玛雕像3;101;47;61;42;1;0;800;900;0;18;18;30;60;0;0;17;17;700;1;0;1800;
祖玛卫士;101;47;62;43;1;0;480;495;0;15;15;22;34;0;0;17;13;700;1;0;2000;
祖玛卫士0;101;47;62;43;1;0;480;495;0;15;15;22;34;0;0;17;14;400;1;0;1800;
祖玛卫士3;101;47;62;46;1;5;1000;1000;0;20;20;33;70;0;0;17;17;350;1;0;1500;
祖玛卫士00;101;47;62;50;1;0;2000;1400;0;15;15;35;60;0;0;25;18;350;1;0;1500;
祖玛卫士10;101;47;62;43;1;0;2000;1400;0;15;15;35;60;0;0;25;18;350;1;0;1500;
祖玛教主;102;49;63;60;1;10;3000;3000;0;20;20;40;65;0;0;32;30;300;1;0;1000;
弓箭手;112;45;71;99;0;0;1;2000;0;30;30;30;50;0;0;20;15;500;1;0;1500;
护卫;112;45;71;99;0;0;1;2000;0;20;20;25;30;0;0;20;15;500;1;0;1500;
练功师10;81;19;72;99;0;0;1;1000;0;15;15;5;35;0;0;18;15;500;1;0;1500;
守卫10;81;24;2;99;0;0;1;3000;0;30;50;50;75;0;0;50;50;1500;1;0;1500;
MainDoor;110;99;900;60;0;0;1;10000;0;20;20;0;0;0;0;15;1;1000;1;0;1000;
LeftWall;111;98;901;60;0;0;1;5000;0;20;99;0;0;0;0;15;1;1000;1;0;1000;
CenterWall;111;98;902;60;0;0;1;5000;0;20;99;0;0;0;0;15;1;1000;1;0;1000;
RightWall;111;98;903;60;0;0;1;5000;0;20;99;0;0;0;0;15;1;1000;1;0;1000;
弓箭护卫;112;45;71;80;0;0;1;2000;0;30;30;30;50;0;0;18;15;500;1;0;1200;
神兽;113;54;170;32;1;0;1;100;0;18;15;18;28;0;0;15;17;0;1;0;0;
神兽1;114;55;171;32;1;0;1;350;0;30;30;28;40;0;0;15;18;0;1;0;0;
月魔蜘蛛;105;19;113;52;0;100;500;800;0;15;30;20;40;0;0;15;17;350;4;0;1500;
暴牙蜘蛛;93;22;114;50;0;0;450;500;0;5;5;15;20;0;0;15;17;700;1;0;1600;
钢牙蜘蛛;81;19;114;53;0;0;550;800;0;10;20;16;30;0;0;15;17;700;1;0;1700;
钢牙蜘蛛0;81;19;114;63;0;0;550;800;0;10;20;16;30;0;0;15;19;700;1;0;1700;
钢牙蜘蛛3;81;19;114;73;0;0;1000;1200;0;10;20;24;45;0;0;15;19;700;1;0;1500;
天狼蜘蛛;118;19;119;40;0;0;480;500;0;9;19;26;35;0;0;15;17;500;3;2000;1800;
天狼蜘蛛0;118;19;119;50;0;0;480;500;0;9;19;26;35;0;0;15;19;500;3;2000;1800;
天狼蜘蛛3;118;19;119;60;0;0;500;600;0;10;20;26;35;0;0;15;19;500;3;2000;1800;
黑锷蜘蛛;81;19;118;53;0;0;550;800;0;10;20;20;36;0;0;15;17;500;4;2000;2000;
黑锷蜘蛛0;81;19;118;63;0;0;550;800;0;10;20;20;36;0;0;15;19;500;4;2000;2000;
黑锷蜘蛛3;81;19;118;73;0;0;1000;1200;0;10;20;30;54;0;0;15;19;500;4;2000;2000;
幻影蜘蛛;116;35;132;53;0;0;350;300;0;3;10;0;0;0;0;1;1;0;1;0;2500;
花吻蜘蛛;119;19;117;54;0;1;550;800;0;8;11;18;34;0;0;15;17;500;1;0;1800;
花吻蜘蛛0;119;19;117;64;0;1;550;800;0;8;11;18;34;0;0;15;19;500;1;0;1800;
花吻蜘蛛3;119;19;117;74;0;1;1000;1200;0;12;17;27;51;0;0;15;19;500;1;0;1800;
血巨人;81;19;115;55;1;0;550;800;0;10;12;26;44;0;0;20;17;500;4;2000;2000;
血巨人0;81;19;115;65;1;0;550;800;0;10;12;26;44;0;0;20;19;500;4;2000;2000;
血巨人3;81;19;115;75;1;0;1000;1400;0;12;15;39;66;0;0;20;19;500;4;2000;2000;
邪恶巨人;81;19;116;56;1;1;1000;2000;0;14;16;29;52;0;0;22;18;500;5;2000;1500;
双头血魔;81;19;92;60;1;10;1000;5000;0;20;20;30;55;0;0;22;18;500;5;1200;1500;
双头金刚;81;19;93;60;1;10;1000;5000;0;20;20;30;55;0;0;22;18;500;5;1200;1500;
暗之双头金刚;81;19;93;60;1;10;1000;5000;0;20;20;30;55;0;0;22;18;500;5;1200;1500;
赤月恶魔;115;34;131;70;1;10;3000;5000;0;18;18;25;70;0;0;25;25;0;1;0;2000;
赤月恶魔1;115;34;131;66;1;10;1;500;0;10;10;20;60;0;0;25;25;0;1;0;2000;
带刀护卫;11;24;2;99;0;1;1;9999;0;200;200;150;150;200;200;200;200;500;1;0;2000;
圣域蛇王;81;19;164;50;1;0;1000;2000;0;20;20;20;53;0;0;20;20;800;1;0;2000;
鹿10;52;11;161;12;0;0;15;25;0;0;0;2;4;0;0;7;4;1400;1;0;3000;
鹿20;52;11;161;12;0;0;15;25;0;0;0;2;4;0;0;7;4;1400;1;0;3000;
鹿30;52;11;161;12;0;0;15;25;0;0;0;2;4;0;0;7;4;1400;1;0;3000;
鹰卫;104;45;71;19;0;0;1;2000;0;20;15;15;20;0;0;20;15;500;1;0;1500;
虎卫;81;45;72;1;0;0;1;2000;0;15;20;15;20;0;0;20;15;500;1;0;1500;
变异骷髅0;87;19;37;99;1;1;250;500;0;5;5;15;30;0;0;15;15;200;1;0;200;
蜜蜂;81;31;42;99;0;1;100;100;0;8;10;15;30;0;0;15;18;1200;1;0;1500;
神鹰;81;19;44;99;0;0;500;800;0;15;15;15;30;0;0;30;17;1200;1;0;1500;
神兽10;100;55;171;32;100;0;5;160;0;15;15;15;25;0;0;15;15;0;1;0;0;
石墓尸王;95;41;50;90;1;1;2000;5000;0;10;10;20;40;0;0;15;15;800;1;0;1500;
千年树妖;115;34;141;60;1;1;2000;5000;0;20;50;20;70;0;0;35;35;400;1;0;2000;
恶魔弓箭手;112;45;47;99;0;0;1;2000;30;30;30;50;50;0;0;18;15;500;1;0;1200;
虹魔蝎卫0;81;19;153;55;1;1;2000;2000;0;22;3;22;22;0;0;25;25;500;1;0;1500;
虹魔蝎卫;81;19;153;55;1;1;2000;2000;0;26;3;28;28;55;0;40;25;500;1;0;1500;
虹魔猪卫0;81;19;103;55;0;0;2000;1500;0;10;5;0;25;0;0;20;20;700;1;0;1500;
虹魔猪卫;81;19;103;55;1;1;2000;1500;0;15;10;15;36;0;0;30;18;700;1;0;1500;
虹魔教主;81;37;122;66;1;10;3000;5000;0;15;20;50;70;0;0;60;50;300;2;0;1400;
虹魔教主0;81;19;122;66;1;10;3000;5000;0;15;15;30;45;0;0;35;30;700;1;0;1400;
半兽统领;87;19;102;40;0;5;500;700;0;5;5;15;30;0;0;15;15;1500;1;0;1500;
剧毒蜘蛛;82;19;163;50;0;1;500;1200;0;10;15;22;35;0;0;15;8;900;1;0;1500;
多钩猫王;81;17;25;50;0;0;1000;700;0;15;15;25;60;0;0;7;5;1500;1;0;1500;
钉耙猫王;81;17;26;50;0;0;1000;700;0;15;15;25;60;0;0;7;5;1500;1;0;1500;
恶灵僵尸;81;19;142;35;1;0;190;180;0;3;3;15;25;0;0;25;18;700;1;0;2000;
恶灵僵尸0;81;19;142;35;1;0;190;180;0;3;3;15;25;0;0;25;18;700;1;0;2000;
恶灵尸王;81;19;143;35;1;0;420;500;0;3;5;20;38;0;0;25;18;700;1;0;2000;
恶灵尸王0;81;19;143;35;1;0;420;500;0;3;5;20;38;0;0;25;18;700;1;0;2000;
骷髅锤兵;81;19;144;35;1;0;450;390;0;3;5;20;42;0;0;25;18;700;1;0;2000;
骷髅锤兵0;81;19;144;35;1;0;450;390;0;3;5;20;42;0;0;25;18;700;1;0;2000;
骷髅长枪兵;81;19;145;35;1;0;380;390;0;3;6;20;42;0;0;25;18;700;1;0;2000;
骷髅长枪兵0;81;19;145;35;1;0;380;390;0;3;6;20;42;0;0;25;18;700;1;0;2000;
骷髅刀斧手;81;19;146;35;1;0;420;440;0;5;5;22;45;0;0;25;18;700;1;0;2000;
骷髅刀斧手0;81;19;146;35;1;0;420;440;0;5;5;22;45;0;0;25;18;700;1;0;2000;
骷髅弓箭手;104;45;147;35;1;0;190;190;0;2;2;15;25;0;0;25;18;700;1;0;2000;
骷髅弓箭手0;104;45;147;35;1;0;190;190;0;2;2;15;25;0;0;25;18;700;1;0;2000;
黄泉教主;92;19;148;60;1;0;3000;5000;0;20;24;45;70;0;0;25;18;700;1;0;2000;
暗之黄泉教主;92;19;148;60;1;0;3000;3000;0;20;24;45;70;0;0;25;18;800;1;0;2000;
黄泉教主0;92;19;148;60;1;0;3000;3000;0;20;24;45;70;0;0;25;18;700;1;0;2000;
牛头魔;81;19;200;30;0;0;390;330;0;5;5;25;35;0;0;25;18;700;1;0;2000;
牛头魔0;81;19;200;30;0;0;390;330;0;5;5;25;35;0;0;25;18;700;1;0;2000;
牛魔斗士;81;19;201;45;1;0;320;460;0;8;10;25;45;0;0;25;18;700;1;0;2000;
牛魔斗士0;81;19;201;45;1;0;320;460;0;8;10;25;45;0;0;25;18;700;1;0;2000;
牛魔战士;81;19;202;45;1;0;320;420;0;8;7;20;45;0;0;25;18;700;1;0;2000;
牛魔战士0;81;19;202;45;1;0;320;420;0;8;7;20;45;0;0;25;18;700;1;0;2000;
牛魔侍卫;81;19;203;45;1;0;380;500;0;10;10;22;45;0;0;25;18;700;1;0;2000;
牛魔侍卫0;81;19;203;45;1;0;380;500;0;10;10;22;45;0;0;25;18;700;1;0;2000;
牛魔将军;81;19;204;45;1;0;420;750;0;12;15;30;50;0;0;25;18;700;1;0;2000;
牛魔将军0;81;19;204;45;1;0;420;780;0;12;15;30;50;0;0;25;18;700;1;0;2000;
牛魔法师;94;40;205;45;1;0;420;360;0;9;12;15;35;0;0;25;18;700;1;0;2000;
牛魔法师0;94;40;205;45;1;0;420;360;0;9;12;20;40;0;0;25;18;700;1;0;2000;
牛魔祭司;81;53;206;45;1;0;380;750;0;10;13;40;65;0;0;25;18;700;1;0;2000;
牛魔祭司0;81;53;206;45;1;0;380;750;0;10;13;40;65;0;0;25;18;700;1;0;2000;
牛魔王;92;21;165;60;1;5;3000;3600;0;20;24;45;70;0;0;25;18;700;1;0;2000;
暗之牛魔王;92;21;165;60;1;5;3000;1000;0;20;24;45;70;0;0;25;18;700;1;0;2000;
宝箱;82;33;166;16;0;0;420;300;0;0;0;30;60;0;0;15;8;900;1;0;2500;
宝箱0;82;33;166;16;0;0;420;300;0;0;0;30;60;0;0;15;8;900;1;0;2500;
暗之虹魔教主;81;37;122;66;1;10;3000;3000;0;15;20;50;70;0;0;30;20;800;1;0;1400;
暗之双头血魔;81;19;92;60;1;10;5000;3000;0;20;20;30;55;0;0;30;20;800;1;0;1500;
暗之沃玛教主;92;21;34;60;1;10;3000;3000;0;20;20;40;65;0;0;30;20;800;1;0;1500;
血僵尸;81;19;115;55;1;5;550;1200;0;10;12;26;44;0;0;20;17;500;4;2000;2000;
血僵尸0;81;19;115;65;1;1;550;1200;0;10;12;26;44;0;0;20;19;500;4;2000;2000;
血僵尸3;81;19;115;75;1;1;550;1400;0;12;15;39;66;0;0;20;19;500;4;2000;2000;
圣域教主;92;21;34;60;1;0;1000;5000;0;30;30;40;80;0;0;15;30;600;1;0;2000;
圣域牛魔王;92;19;165;60;1;0;1000;4000;0;20;20;40;70;0;0;15;25;700;1;0;2000;
圣域修罗;92;19;148;60;1;0;1000;3500;0;20;20;30;65;0;0;15;25;700;1;0;1800;
圣域魔魂;81;37;122;60;1;0;1000;4000;0;20;20;40;75;0;0;15;25;500;1;0;1800;
圣域金刚;53;19;93;60;1;0;1000;3000;0;20;15;30;60;0;0;15;25;800;1;0;1800;
圣域血魔;92;21;92;60;1;0;1000;3000;0;15;20;30;60;0;0;15;25;800;1;0;1800;
圣域猪卫;81;19;103;48;1;0;1000;2500;0;20;20;22;47;0;0;15;25;800;1;0;1800;
圣域蝎卫;81;53;153;50;1;0;1000;3000;0;22;23;17;51;0;0;15;20;800;1;0;1600;
圣域护卫;97;19;151;52;1;0;1000;2000;0;20;23;23;51;0;0;15;20;800;1;0;2000;
圣域将军;81;19;177;204;1;0;1000;1500;0;15;18;25;57;0;0;15;20;800;1;0;2000;
圣域祭司;81;53;179;206;1;0;1000;1500;0;12;17;13;44;0;0;15;20;800;1;0;2000;
圣域蛇王;81;19;164;50;1;0;1000;2000;0;20;20;20;53;0;0;20;20;800;1;0;2000;
圣域尸王;81;19;152;55;1;0;100;1800;0;20;16;18;52;0;0;15;20;800;1;0;2000;
圣域钳虫;81;19;121;50;1;0;100;2500;0;20;20;16;55;0;0;15;20;800;1;0;1900;
恶灵僵尸8;81;19;142;35;1;0;180;180;0;3;3;15;25;0;0;25;18;700;1;0;2000;
蜈蚣8;81;19;73;26;0;0;230;230;0;0;5;12;17;0;0;15;12;1500;1;0;2000;
黑色恶蛆8;81;19;74;28;0;0;180;230;0;5;0;10;14;0;0;15;12;500;1;0;1500;
跳跳蜂8;81;19;81;26;1;0;260;200;0;3;3;12;18;0;0;15;12;1500;1;0;2000;
钳虫8;81;19;120;31;0;0;250;270;0;5;7;15;25;0;0;15;13;1500;1;0;1800;
尸王8;81;19;152;40;1;1;500;500;0;3;3;18;36;0;0;15;15;1500;1;0;2800;
骷髅精灵8;89;14;150;40;1;1;4000;500;0;5;4;7;24;0;0;15;12;1200;1;0;2000;
红野猪8;81;19;110;32;1;0;320;330;0;0;8;18;25;0;0;15;13;1200;1;0;2000;
黑野猪8;81;19;111;35;1;0;330;310;0;10;0;20;26;0;0;15;13;800;1;0;2000;
楔蛾8;105;52;39;32;0;5;350;220;0;0;5;13;18;0;0;15;12;600;1;0;2500;
蝎蛇8;81;19;130;35;1;0;280;330;0;5;3;22;28;0;0;15;13;600;1;0;2000;
沃玛勇士8;97;19;32;30;1;0;280;285;0;3;2;16;28;0;0;15;12;1000;1;0;2000;
沃玛战将8;97;19;33;30;1;0;280;285;0;3;2;15;29;0;0;15;12;1000;1;0;2000;
沃玛卫士8;97;19;151;50;1;0;600;1000;0;8;8;22;42;0;0;20;17;800;1;0;1500;
沃玛战士8;97;19;30;30;1;0;260;265;0;3;2;14;28;0;0;15;12;1000;1;0;2000;
火焰沃玛8;91;20;31;31;1;0;290;340;0;0;0;14;26;0;0;20;13;800;1;0;1700;
巨型蠕虫8;81;19;82;26;1;0;230;200;0;3;3;15;18;0;0;15;12;1200;1;0;2000;
触龙神8;107;33;140;45;0;1;1000;1500;0;30;2000;20;35;0;0;30;30;2000;1;0;2000;
骷髅锤兵8;81;19;144;35;1;0;250;390;0;3;5;20;42;0;0;25;18;700;1;0;2000;
骷髅长枪兵8;81;19;145;35;1;0;280;390;0;3;6;20;42;0;0;25;18;700;1;0;2000;
骷髅刀斧手8;81;19;146;35;1;0;350;440;0;5;5;22;45;0;0;25;18;700;1;0;2000;
骷髅弓箭手8;104;45;147;35;1;0;190;190;0;2;2;15;25;0;0;25;18;700;1;0;2000;
黄泉教主8;92;19;148;60;1;5;1500;5000;0;20;24;45;70;0;0;25;18;700;1;0;2000;
石墓尸王8;95;41;50;90;1;5;1000;5000;0;10;10;20;40;0;0;15;15;800;1;0;1500;
祖玛弓箭手8;104;45;47;40;1;1;420;385;0;10;10;12;18;0;0;15;13;1000;1;0;2000;
祖玛雕像8;101;47;61;42;1;1;480;495;0;12;12;20;32;0;0;17;13;900;1;0;2000;
祖玛卫士8;101;47;62;43;1;0;480;495;0;15;15;22;34;0;0;17;13;700;1;0;2000;
角蝇8;103;43;41;30;0;1;300;200;0;0;6;0;0;0;0;1;1;1200;1;0;2500;
电僵王8;94;40;40;25;1;0;160;3000;3000;0;0;12;16;0;0;13;11;2000;1;0;3000;
虹魔蝎卫8;81;19;153;55;1;0;1000;2000;0;22;3;22;22;0;0;25;25;500;1;0;1500;
虹魔猪卫8;81;19;103;55;0;0;1000;1500;0;10;5;0;25;0;0;20;20;700;1;0;1500;
虹魔教主8;81;37;122;66;1;5;1500;5000;0;15;20;50;70;0;0;60;50;300;2;0;1400;
月魔蜘蛛8;105;19;113;52;0;100;1000;800;0;15;30;20;40;0;0;15;17;350;4;0;1500;
暴牙蜘蛛8;93;22;114;50;0;0;900;500;0;5;5;15;20;0;0;15;17;700;1;0;1600;
钢牙蜘蛛8;81;19;114;53;0;0;500;800;0;10;20;16;30;0;0;15;17;700;1;0;1700;
天狼蜘蛛8;118;19;119;40;0;0;450;500;0;9;19;26;35;0;0;15;17;500;3;2000;1800;
黑锷蜘蛛8;81;19;118;53;0;0;550;800;0;10;20;20;36;0;0;15;17;500;4;2000;2000;
花吻蜘蛛8;119;19;117;54;0;0;550;800;0;8;11;18;34;0;0;15;17;500;1;0;1800;
血巨人8;81;19;115;55;1;0;550;800;0;10;12;26;44;0;0;20;17;500;4;2000;2000;
血僵尸8;81;19;115;55;1;5;550;1200;0;10;12;26;44;0;0;20;17;500;4;2000;2000;
双头血魔8;81;19;92;60;1;10;500;5000;0;20;20;30;55;0;0;22;18;500;5;1200;1500;
双头金刚8;81;19;93;60;1;10;500;5000;0;20;20;30;55;0;0;22;18;500;5;1200;1500;
牛魔侍卫8;81;19;203;45;1;0;330;500;0;10;10;22;45;0;0;25;18;700;1;0;2000;
牛魔法师8;94;40;205;45;1;0;440;360;0;9;12;15;35;0;0;25;18;700;1;0;2000;
牛魔将军8;81;19;204;45;1;0;370;780;0;12;15;30;50;0;0;25;18;700;1;0;2000;
牛魔祭司8;96;40;206;45;1;0;330;750;0;15;15;40;65;0;0;25;18;700;1;0;2000;
赤月恶魔8;115;34;131;70;1;10;1500;10000;0;18;18;25;70;0;0;25;25;0;1;0;2000;
牛魔王8;92;21;165;60;1;10;1500;5000;0;20;24;45;70;0;0;25;18;700;1;0;2000;
暗之牛魔王8;92;21;165;60;1;10;1500;3000;0;20;24;45;90;0;0;25;18;700;1;0;1000;
白野猪88;81;19;112;50;1;10;1600;1000;0;18;18;15;70;0;0;25;17;800;1;0;1800;
牛魔侍卫88;81;19;203;45;1;0;330;500;0;10;10;22;45;0;0;25;18;700;1;0;2000;
牛魔法师88;94;40;205;45;1;0;440;360;0;9;12;15;35;0;0;25;18;700;1;0;2000;
牛魔将军88;81;19;204;45;1;0;370;780;0;12;15;30;50;0;0;25;18;700;1;0;2000;
牛魔祭司88;96;40;206;45;1;0;330;750;0;15;15;40;65;0;0;25;18;700;1;0;2000;
祖玛卫士88;101;47;62;46;1;0;1000;1000;0;20;20;33;70;0;0;17;17;350;1;0;1500;
祖玛雕像88;101;47;61;42;1;0;800;900;0;18;18;30;60;0;0;17;17;700;1;0;1800;
祖玛弓箭手88;104;45;47;40;1;0;600;800;0;15;15;26;60;0;0;15;17;900;1;0;1600;
牛魔王88;92;21;165;60;1;10;1500;5000;0;20;24;45;70;0;0;25;18;700;1;0;2000;
虹魔教主88;81;37;122;66;1;10;1500;5000;0;15;20;50;70;0;0;60;50;300;2;0;1400;
黄泉教主88;92;19;148;60;1;10;1500;5000;0;20;24;45;70;0;0;25;18;700;1;0;2000;
双头血魔88;81;19;92;60;1;10;500;5000;0;20;20;30;55;0;0;22;18;500;5;1200;1500;
双头金刚88;81;19;93;60;1;10;500;5000;0;20;20;30;55;0;0;22;18;500;5;1200;1500;
赤月恶魔88;115;34;131;70;1;10;1500;5000;0;18;18;25;70;0;0;25;25;0;1;0;2000;
暗之骷髅精灵88;89;14;150;40;1;10;3000;3000;0;5;100;22;70;0;0;20;20;900;1;0;2000;
暗之虹魔教主88;81;37;122;66;1;10;3000;3000;0;15;20;50;70;0;0;30;20;800;1;0;1400;
暗之双头血魔88;81;19;92;60;1;10;5000;3000;0;20;20;30;55;0;0;30;20;800;1;0;1500;
暗之沃玛教主88;92;21;34;60;1;10;3000;3000;0;20;20;40;65;0;0;30;20;800;1;0;1500;
暗之黄泉教主88;92;19;148;60;1;10;3000;3000;0;20;24;45;70;0;0;25;18;800;1;0;2000;
暗之双头金刚88;81;19;93;60;1;10;1000;5000;0;20;20;30;55;0;0;22;18;500;5;1200;1500;
地藏魔王88;92;21;165;60;1;10;1500;6000;0;25;30;45;90;0;0;25;18;700;1;0;2000;
重装使者88;92;19;148;60;1;10;1500;5000;0;20;24;45;90;0;0;25;18;700;1;0;2000;
地藏魔王;92;21;165;60;1;10;1500;6000;0;25;30;45;90;0;0;25;18;700;1;0;2000;
重装使者;92;19;148;60;1;10;1500;5000;0;20;24;45;90;0;0;25;18;700;1;0;2000;
森林雪人0;83;10;1;16;0;0;30;36;0;2;0;7;10;0;0;12;6;1500;1;0;2500;
沃玛卫士2;97;19;151;50;1;0;1;1000;0;50;50;10;25;0;0;17;19;500;1;0;1000;
沃玛卫士0;97;19;151;50;1;0;1200;1000;0;8;8;22;42;0;0;20;17;800;1;0;1500;
沃玛教主9;92;21;34;60;1;10;2500;2200;0;17;17;35;60;0;0;30;20;800;1;0;1500;
尸王9;81;19;152;40;1;1;800;500;0;3;3;18;36;0;0;15;15;500;1;0;2800;
邪恶钳虫9;81;19;121;60;0;1;1400;1000;0;20;10;22;45;0;0;15;17;700;1;0;1800;
邪恶钳虫10;81;19;121;60;0;1;1400;1000;0;20;10;22;45;0;0;15;17;700;1;0;1800;
祖玛教主9;102;49;63;60;1;10;3000;3000;0;20;20;40;65;0;0;200;200;100;1;0;1000;
爆裂蜘蛛;117;36;133;52;0;1;7;10;0;0;0;20;40;0;0;30;30;500;1;0;0;
邪恶巨人0;81;19;116;56;1;1;1000;2000;0;14;16;29;52;0;0;22;18;500;5;2000;1500;
雪人王;83;10;1;50;0;0;1000;700;0;15;15;25;60;0;0;12;7;1500;1;0;1500;
飞蛾;92;19;113;40;1;10;800;800;0;10;20;20;30;0;0;25;18;700;1;0;2000;
千年树妖888;115;34;141;60;1;1;5000;10000;0;20;50;40;80;0;0;35;35;400;1;0;2000;
暗之骷髅精灵99;89;14;150;40;1;10;3000;3000;0;20;100;40;60;0;0;22;22;900;1;0;2000;
暗之虹魔教主99;81;37;122;66;1;10;3000;3000;0;20;20;40;60;0;0;22;20;800;1;0;2000;
暗之双头血魔99;81;19;92;60;1;10;3000;3000;0;20;20;40;60;0;0;30;20;800;1;0;2000;
暗之沃玛教主99;92;21;34;60;1;10;3000;3000;0;20;20;40;60;0;0;30;18;800;1;0;2000;
暗之黄泉教主99;92;19;148;60;1;10;3000;3000;0;20;20;40;60;0;0;30;18;700;1;0;2000;
暗之双头金刚99;81;19;93;60;1;10;3000;3000;0;20;20;40;60;0;0;30;18;700;1;0;2000;
双头金刚99;81;19;93;60;1;10;5000;5000;0;20;20;30;65;0;0;30;20;500;5;1200;2000;
赤月恶魔99;115;34;131;70;1;10;8000;5000;0;18;18;25;70;0;0;25;25;0;1;0;2000;
双头血魔99;81;19;92;60;1;10;5000;5000;0;20;20;30;50;0;0;25;20;700;1;0;2000;
