0;命运之书;41;0;1;0;0;0;0;1;0;0;0;0;0;0;0;0;0;0;0;0;1;0;0;0;0;0;0;;
1;金创药(小量);0;0;1;0;0;0;398;1;20;0;0;0;0;0;0;0;0;0;0;0;80;200;0;0;0;0;0;;
2;魔法药(小量);0;0;1;0;0;0;394;1;0;0;30;0;0;0;0;0;0;0;0;0;80;200;0;0;0;0;0;;
3;肉;40;0;3;0;0;0;1;10000;0;0;0;0;0;0;0;0;0;0;0;0;3000;10000;0;0;0;0;0;;
4;布衣(男);10;1;5;0;0;0;60;5000;0;2;0;1;0;0;0;0;0;0;0;1;400;100;0;0;0;0;0;;
5;布衣(女);11;1;5;0;0;0;80;5000;0;2;0;1;0;0;0;0;0;0;0;1;400;100;0;0;0;0;0;;
6;木剑;5;1;7;0;0;0;30;4000;0;0;0;0;2;5;0;0;0;0;0;1;50;100;0;0;0;0;0;;
7;铁剑;5;2;10;0;0;0;36;10000;0;0;0;0;5;9;0;0;0;0;0;10;1000;100;0;0;0;0;0;;
8;青铜剑;5;2;9;0;0;0;31;6000;0;0;0;0;3;7;0;0;0;0;0;5;900;100;0;0;0;0;0;;
9;轻型盔甲(男);10;2;8;0;0;0;61;8000;3;3;1;2;0;0;0;0;0;0;0;11;3000;100;0;0;0;0;0;;
10;轻型盔甲(女);11;2;8;0;0;0;81;8000;3;3;1;2;0;0;0;0;0;0;0;11;3000;100;0;0;0;0;0;;
11;干肉;1;0;1;0;0;0;5;1;0;0;0;0;0;0;0;0;0;0;0;0;3500;10000;0;0;0;0;0;;
12;凝霜;5;13;20;0;0;0;45;20000;0;0;0;0;10;13;0;0;0;0;0;25;8000;50;0;0;0;0;0;;
13;火球术;4;1;1;0;0;0;0;7;0;0;0;0;0;0;0;0;0;0;0;0;500;50;0;0;0;0;0;;
14;治愈术;4;2;1;0;0;0;0;7;0;0;0;0;0;0;0;0;0;0;0;0;500;50;0;0;0;0;0;;
15;基本剑术;4;0;1;0;0;0;0;7;0;0;0;0;0;0;0;0;0;0;0;0;500;50;0;0;0;0;0;;
16;蜡烛;30;0;1;0;0;0;130;8000;0;0;0;0;0;0;0;0;0;0;0;0;10;10000;0;0;0;0;0;;
17;短剑;5;4;9;0;0;0;33;8000;0;0;0;0;3;11;0;0;0;0;0;10;1000;100;0;0;0;0;0;;
18;精神力战法;4;2;1;0;0;0;0;9;0;0;0;0;0;0;0;0;0;0;0;0;500;50;0;0;0;0;0;;
19;青铜斧;5;3;10;0;0;0;32;10000;0;0;0;0;0;15;0;0;0;0;0;13;1500;50;0;0;0;0;0;;
20;重盔甲(女);11;3;23;0;0;0;82;25000;4;7;2;3;0;0;0;0;0;0;0;22;10000;20;0;0;0;0;0;;
21;魔法长袍(女);11;4;12;0;0;0;83;20000;3;5;3;4;0;0;0;2;0;0;0;22;9091;20;0;0;0;0;0;;
22;灵魂战衣(女);11;5;15;0;0;0;84;20000;3;6;3;3;0;0;0;0;0;2;0;22;9091;20;0;0;0;0;0;;
23;重盔甲(男);10;3;23;0;0;0;62;25000;4;7;2;3;0;0;0;0;0;0;0;22;10000;20;0;0;0;0;0;;
24;魔法长袍(男);10;4;12;0;0;0;63;20000;3;5;3;4;0;0;0;2;0;0;0;22;9091;20;0;0;0;0;0;;
25;灵魂战衣(男);10;5;15;0;0;0;64;20000;3;6;3;3;0;0;0;0;0;2;0;22;9091;20;0;0;0;0;0;;
26;大火球;4;1;1;0;0;0;0;19;0;0;0;0;0;0;0;0;0;0;0;0;2000;10;0;0;0;0;0;;
27;攻杀剑术;4;0;1;0;0;0;0;19;0;0;0;0;0;0;0;0;0;0;0;0;2000;10;0;0;0;0;0;;
28;施毒术;4;2;1;0;0;0;0;14;0;0;0;0;0;0;0;0;0;0;0;0;1000;10;0;0;0;0;0;;
29;匕首;5;6;5;0;0;0;35;10000;0;0;0;0;4;5;0;0;0;0;0;1;500;100;0;0;0;0;0;;
30;井中月;5;17;58;0;0;0;48;30000;0;0;0;0;7;22;0;0;0;0;0;28;30000;50;0;0;0;0;0;;
31;银蛇;5;9;26;0;0;0;38;24000;0;1;0;0;7;14;0;0;1;3;0;26;15000;50;0;0;0;0;0;;
32;海魂;6;8;12;0;0;0;39;12000;0;0;0;0;3;10;1;2;0;0;0;15;3000;50;0;0;0;0;0;;
33;修罗;5;7;40;0;0;0;40;25000;0;0;0;0;0;20;0;0;0;0;0;22;10000;50;0;0;0;0;0;;
34;炼狱;6;11;60;0;0;0;41;28000;0;0;0;0;0;25;0;0;0;0;0;26;20000;50;0;0;0;0;0;;
35;凌风;5;5;20;0;0;0;34;18000;0;0;0;0;6;12;0;0;0;0;0;19;4545;50;0;0;0;0;0;;
36;破魂;5;6;8;0;0;0;51;11000;0;2;0;0;8;10;0;0;0;0;0;20;5000;50;0;0;0;0;0;;
37;斩马刀;5;10;27;0;0;0;37;19000;0;0;0;0;5;15;0;0;0;0;0;20;6000;50;0;0;0;0;0;;
38;食人树叶;42;0;1;0;0;0;255;1;0;0;0;0;0;0;0;0;0;0;0;0;50;50;0;0;0;0;0;;
39;毒蜘蛛牙齿;42;0;1;0;0;0;253;1;0;0;0;0;0;0;0;0;0;0;0;0;50;50;0;0;0;0;0;;
40;食人树果实;42;0;1;0;0;0;256;1;0;0;0;0;0;0;0;0;0;0;0;0;300;50;0;0;0;0;0;;
41;蝎子尾巴;42;0;1;0;0;0;254;1;0;0;0;0;0;0;0;0;0;0;0;0;50;50;0;0;0;0;0;;
42;蛆卵;42;0;1;0;0;0;252;1;0;0;0;0;0;0;0;0;0;0;0;0;500;50;0;0;0;0;0;;
43;灰色药粉(少量);25;1;1;0;0;0;251;5000;0;0;0;0;0;0;0;0;0;0;0;0;2727;50;0;0;0;0;0;;
44;黄色药粉(少量);25;2;1;0;0;0;250;5000;0;0;0;0;0;0;0;0;0;0;0;0;2727;50;0;0;0;0;0;;
45;古铜戒指;22;0;1;0;0;0;145;5000;0;0;0;0;0;1;0;0;0;0;0;3;500;50;0;0;0;0;0;;
46;青铜头盔;15;0;4;0;0;0;100;8000;0;1;0;0;0;0;0;0;0;0;0;10;909;50;0;0;0;0;0;;
47;金项链;20;0;1;0;0;0;222;8000;0;0;0;1;0;1;0;0;0;0;0;2;500;50;0;0;0;0;0;;
48;铁手镯;24;0;1;0;0;0;180;4000;0;1;0;0;0;0;0;0;0;0;0;3;800;50;0;0;0;0;0;;
49;灰色药粉(中量);25;1;2;0;0;0;251;10000;0;0;0;0;0;0;0;0;0;0;0;1;3636;50;0;0;0;0;0;;
50;灰色药粉(大量);25;1;3;0;0;0;251;15000;0;0;0;0;0;0;0;0;0;0;0;1;4545;50;0;0;0;0;0;;
51;黄色药粉(中量);25;2;2;0;0;0;250;10000;0;0;0;0;0;0;0;0;0;0;0;1;3636;50;0;0;0;0;0;;
52;黄色药粉(大量);25;2;3;0;0;0;250;15000;0;0;0;0;0;0;0;0;0;0;0;1;4545;50;0;0;0;0;0;;
53;乌木剑;5;1;8;0;0;0;43;7000;0;1;0;0;6;6;0;0;0;0;0;1;3636;50;0;0;0;0;0;;
54;魔杖;6;12;10;0;0;0;42;15000;0;0;0;0;5;9;2;5;0;0;0;26;15000;50;0;0;0;0;0;;
55;八荒;5;15;25;27;0;0;44;18000;0;0;0;0;4;12;0;0;0;0;0;15;4545;50;0;0;0;0;0;;
56;鸡肉;40;0;1;0;0;0;13;4000;0;0;0;0;0;0;0;0;0;0;0;0;2500;50;0;0;0;0;0;;
57;玻璃戒指;22;0;1;0;0;0;143;3000;0;0;0;0;0;0;0;0;0;1;0;7;800;50;0;0;0;0;0;;
58;牛角戒指;22;0;1;0;0;0;140;6000;0;0;0;1;0;1;0;0;0;0;0;9;1000;50;0;0;0;0;0;;
59;蓝色水晶戒指;22;0;1;0;0;0;142;10000;0;0;0;2;1;0;0;0;0;0;0;16;1500;50;0;0;0;0;0;;
60;六角戒指;22;0;1;0;0;0;144;6000;0;0;0;0;0;0;0;1;0;0;0;7;800;50;0;0;0;0;0;;
61;黑檀项链;20;0;1;0;0;0;220;8000;0;0;0;0;0;0;1;0;0;0;0;13;1200;50;0;0;0;0;0;;
62;黄色水晶项链;20;0;1;0;0;0;221;8000;0;0;0;0;0;0;0;0;1;0;0;13;1200;50;0;0;0;0;0;;
63;黑色水晶项链;20;0;1;0;0;0;225;8000;0;0;0;0;1;0;0;0;0;0;0;13;1500;50;0;0;0;0;0;;
64;魔法头盔;15;0;4;0;0;0;100;8000;0;1;1;1;0;0;0;0;0;0;0;14;1818;50;0;0;0;0;0;;
65;沃玛号角;44;0;1;0;0;0;261;1;0;0;0;0;0;0;0;0;0;0;0;0;909;5;0;0;0;0;0;;
66;半月;5;16;16;0;0;0;46;14000;0;0;0;0;5;10;0;1;1;1;0;15;3000;50;0;0;0;0;0;;
67;皮制手套;26;0;2;0;0;0;190;6000;0;1;0;0;0;0;0;0;0;0;0;7;1500;50;0;0;0;0;0;;
68;坚固手套;26;0;3;0;0;0;191;8000;0;2;0;0;0;0;0;0;0;0;0;18;6364;50;0;0;0;0;0;;
69;钢手镯;26;0;1;0;0;0;180;5000;0;1;0;1;0;0;0;0;0;0;0;8;1818;50;0;0;0;0;0;;
70;生铁戒指;22;0;1;0;0;0;141;5000;0;2;0;0;0;0;0;1;0;0;2;9;2727;50;0;0;0;0;0;;
71;金戒指;22;0;1;0;0;0;148;5000;0;0;0;3;1;1;1;1;1;1;0;20;7273;50;0;0;0;0;0;;
72;灯笼项链;19;0;1;0;0;0;233;8000;0;1;0;0;1;0;0;0;0;0;0;18;2727;50;0;0;0;0;0;;
73;白色虎齿项链;19;0;1;0;0;0;230;7000;0;2;0;0;0;0;0;0;1;1;3;11;3636;50;0;0;0;0;0;;
74;魅力戒指;23;0;1;0;0;0;159;5000;0;0;0;0;0;0;1;2;0;0;0;23;3636;50;0;0;0;0;0;;
75;道德戒指;23;0;1;0;0;0;153;5000;0;0;0;0;0;0;0;0;1;2;0;23;3636;50;0;0;0;0;0;;
76;白金项链;20;0;1;0;0;0;231;6000;0;0;0;0;0;0;0;2;0;0;2;10;1818;50;0;0;0;0;0;;
77;降妖除魔戒指;22;0;1;0;0;0;152;5000;0;0;0;4;1;2;1;2;1;2;0;25;8000;50;0;0;0;0;0;;
78;躲避手链;20;0;1;0;0;0;238;8000;0;0;0;3;0;0;0;0;0;0;3;12;20000;50;0;0;0;0;0;;
79;地牢逃脱卷;3;1;1;0;0;0;408;1;0;0;0;0;0;0;0;0;0;0;0;1;100;5;0;0;0;0;0;;
80;偃月;6;18;13;0;0;0;49;12000;0;0;0;0;4;10;1;3;0;0;0;20;9091;5;0;0;0;0;0;;
81;降魔;5;14;20;0;0;0;47;17000;0;1;0;0;6;11;0;0;1;2;0;20;9091;5;0;0;0;0;0;;
82;传统项链;20;0;1;0;0;0;237;8000;0;1;0;0;0;0;0;0;0;0;0;3;1000;5;0;0;0;0;0;;
83;小手镯;26;0;1;0;0;0;192;5000;0;0;0;1;0;0;0;0;0;0;0;5;1000;5;0;0;0;0;0;;
84;银手镯;24;0;2;0;0;0;202;7000;0;0;0;1;0;0;0;0;0;0;0;7;1500;5;0;0;0;0;0;;
85;大手镯;26;0;2;0;0;0;203;10000;1;1;0;0;0;0;0;0;0;0;0;9;4545;5;0;0;0;0;0;;
86;鹤嘴锄;6;19;10;0;0;0;50;10000;0;0;0;0;0;8;0;0;0;0;0;1;700;5;0;0;0;0;0;;
87;隐身戒指;22;111;1;0;0;0;174;4000;0;0;0;0;0;0;0;0;0;0;0;12;20000;5;0;0;0;0;0;;
88;抗拒火环;4;1;1;0;0;0;0;12;0;0;0;0;0;0;0;0;0;0;0;0;500;5;0;0;0;0;0;;
89;地狱火;4;1;1;0;0;0;0;16;0;0;0;0;0;0;0;0;0;0;0;0;1000;5;0;0;0;0;0;;
90;雷电术;4;1;1;0;0;0;0;17;0;0;0;0;0;0;0;0;0;0;0;0;1000;5;0;0;0;0;0;;
91;疾光电影;4;1;1;0;0;0;0;26;0;0;0;0;0;0;0;0;0;0;0;0;9091;5;0;0;0;0;0;;
92;灵魂火符;4;2;1;0;0;0;0;18;0;0;0;0;0;0;0;0;0;0;0;0;1000;5;0;0;0;0;0;;
93;幽灵盾;4;2;1;0;0;0;0;22;0;0;0;0;0;0;0;0;0;0;0;0;2727;5;0;0;0;0;0;;
94;神圣战甲术;4;2;1;0;0;0;0;25;0;0;0;0;0;0;0;0;0;0;0;0;4545;5;0;0;0;0;0;;
95;金创药(中量);0;0;2;0;0;0;400;1;50;0;0;0;0;0;0;0;0;0;0;0;200;5;0;0;0;0;0;;
96;魔法药(中量);0;0;2;0;0;0;396;1;0;0;80;0;0;0;0;0;0;0;0;0;200;5;0;0;0;0;0;;
97;黑色水晶戒指;22;0;1;0;0;0;163;5000;0;0;0;0;0;2;0;0;0;0;0;20;1818;5;0;0;0;0;0;;
98;魔鬼项链;20;0;1;0;0;0;235;8000;0;0;0;0;2;0;0;0;0;0;0;17;2500;5;0;0;0;0;0;;
99;珊瑚戒指;22;0;1;0;0;0;164;5000;0;0;0;0;0;4;0;0;0;0;0;25;10000;5;0;0;0;0;0;;
100;蓝翡翠项链;20;0;1;0;0;0;246;8000;0;0;0;0;2;2;0;0;0;0;0;23;9091;5;0;0;0;0;0;;
101;蛇眼戒指;22;0;1;0;0;0;165;5000;0;0;0;0;0;0;0;2;0;0;0;20;1818;5;0;0;0;0;0;;
102;琥珀项链;20;0;1;0;0;0;236;6000;0;0;0;0;0;0;2;0;0;0;0;17;1818;5;0;0;0;0;0;;
103;护身符;25;5;1;0;0;0;270;10000;0;0;0;0;0;0;0;0;0;0;0;0;500;5;0;0;0;0;0;;
104;刺杀剑术;4;0;1;0;0;0;0;25;0;0;0;0;0;0;0;0;0;0;0;0;4545;5;0;0;0;0;0;;
105;放大镜;20;0;1;0;0;0;245;6000;0;0;0;0;0;0;1;3;0;0;0;24;6000;5;0;0;0;0;0;;
106;红宝石戒指;22;0;1;0;0;0;166;5000;0;0;0;0;0;0;0;4;0;0;2;17;10000;5;0;0;0;0;0;;
107;珍珠戒指;22;0;1;0;0;0;161;5000;0;0;0;0;0;0;0;0;0;2;0;20;1818;5;0;0;0;0;0;;
108;竹笛;20;0;1;0;0;0;242;7000;0;0;0;0;0;0;0;0;1;3;0;24;6000;5;0;0;0;0;0;;
109;铂金戒指;22;0;1;0;0;0;173;5000;0;0;0;0;0;0;0;0;0;4;3;17;10000;5;0;0;0;0;0;;
110;骷髅戒指;22;0;1;0;0;0;177;5000;0;0;0;0;0;3;0;0;0;0;1;30;4545;5;0;0;0;0;0;;
111;龙之戒指;22;0;1;0;0;0;169;5000;0;0;0;0;0;5;0;0;0;0;1;37;15000;5;0;0;0;0;0;;
112;死神手套;26;0;2;0;0;0;188;8000;0;0;0;0;1;2;0;0;0;0;0;22;8000;5;0;0;0;0;0;;
113;骷髅头盔;15;0;5;0;0;0;103;8000;2;3;0;0;0;0;0;0;0;0;1;30;7273;5;0;0;0;0;0;;
114;魔法手镯;26;0;1;0;0;0;205;7000;0;1;1;2;0;0;0;0;0;0;0;18;4000;5;0;0;0;0;0;;
115;金手镯;26;0;1;0;0;0;207;7000;0;0;2;3;0;1;0;0;0;0;0;23;6364;5;0;0;0;0;0;;
116;道士头盔;15;0;3;0;0;0;106;8000;1;2;2;3;0;0;0;0;0;0;0;24;5000;5;0;0;0;0;0;;
117;传送戒指;22;112;1;0;0;0;172;5000;0;0;0;0;0;0;0;0;0;0;0;12;20000;5;0;0;0;0;0;;
118;骑士手镯;26;0;1;0;0;0;209;8000;0;0;0;0;2;2;0;0;0;0;1;39;15000;5;0;0;0;0;0;;
119;绿色项链;20;0;1;0;0;0;240;8000;0;0;0;0;2;5;0;0;0;0;1;37;20000;5;0;0;0;0;0;;
120;凤凰明珠;20;0;1;0;0;0;243;7000;0;1;0;0;0;0;0;0;1;2;0;17;1818;5;0;0;0;0;0;;
121;道士手镯;26;0;1;0;0;0;198;7000;0;0;0;0;0;0;0;0;0;1;0;19;3636;5;0;0;0;0;0;;
122;三眼手镯;26;0;1;0;0;0;208;7000;1;1;0;0;0;0;0;0;1;3;3;22;10000;5;0;0;0;0;0;;
123;灵魂项链;20;0;1;0;0;0;239;7000;0;2;0;0;0;0;0;0;1;6;3;23;18000;5;0;0;0;0;0;;
124;黑檀手镯;26;0;1;0;0;0;211;6000;0;0;0;0;0;0;0;1;0;0;0;19;3636;5;0;0;0;0;0;;
125;思贝儿手镯;26;0;1;0;0;0;210;6000;0;0;0;0;0;0;0;2;0;0;0;26;10000;5;0;0;0;0;0;;
126;恶魔铃铛;20;0;1;0;0;0;244;6000;0;2;0;0;0;0;0;7;0;0;2;27;18000;5;0;0;0;0;0;;
127;铜矿;43;0;4;0;0;0;286;10000;0;0;0;0;0;0;0;0;0;0;0;0;3000;5;0;0;0;0;0;;
128;铁矿;43;0;4;0;0;0;281;10000;0;0;0;0;0;0;0;0;0;0;0;0;4500;5;0;0;0;0;0;;
129;银矿;43;0;4;0;0;0;285;10000;0;0;0;0;0;0;0;0;0;0;0;0;7000;5;0;0;0;0;0;;
130;金矿;43;0;4;0;0;0;280;10000;0;0;0;0;0;0;0;0;0;0;0;0;10000;5;0;0;0;0;0;;
131;战神油;3;10;1;0;0;0;2;1;0;0;0;0;0;0;0;0;0;0;0;0;5000;5;0;0;0;0;0;;
132;回城卷;3;3;1;0;0;0;402;1;0;0;0;0;0;0;0;0;0;0;0;0;455;5;0;0;0;0;0;;
133;祝福油;3;4;1;0;0;0;26;1;0;0;0;0;0;0;0;0;0;0;0;0;1000;5;0;0;0;0;0;;
134;麻痹戒指;22;113;1;0;0;0;168;5000;0;0;0;0;0;1;0;0;0;0;0;16;20000;5;0;0;0;0;0;;
135;复活戒指;22;114;1;0;0;0;175;5000;0;1;0;1;0;0;0;0;0;0;0;16;20000;5;0;0;0;0;0;;
136;火焰戒指;22;115;1;0;0;0;171;5000;0;0;0;0;0;0;1;2;0;0;0;16;20000;5;0;0;0;0;0;;
137;防御戒指;22;116;1;0;0;0;167;5000;0;0;0;0;0;0;0;0;1;2;0;16;20000;5;0;0;0;0;0;;
138;求婚戒指;22;0;1;0;0;0;170;5000;0;0;0;0;0;0;0;0;0;0;0;16;20000;5;0;0;0;0;0;;
139;护身戒指;22;118;1;0;0;0;176;5000;0;1;0;0;0;0;0;0;0;0;0;16;20000;5;0;0;0;0;0;;
140;超负载戒指;22;119;1;0;0;0;170;5000;0;0;0;0;0;1;0;0;0;0;0;16;20000;5;0;0;0;0;0;;
141;技巧项链;20;120;1;0;0;0;241;8000;0;0;0;0;0;0;0;0;0;0;0;16;20000;5;0;0;0;0;0;;
142;狂风戒指;23;0;1;0;0;0;162;5000;1;0;0;0;0;1;0;0;0;0;0;16;20000;5;0;0;0;0;0;;
143;夏普儿手镯;24;0;1;0;0;0;204;7000;0;2;0;0;0;0;0;0;0;0;0;16;20000;5;0;0;0;0;0;;
144;狂风项链;21;0;1;0;0;0;228;8000;2;0;0;0;0;1;0;0;0;0;0;19;20000;5;0;0;0;0;0;;
145;避邪手镯;24;0;1;0;0;0;200;7000;0;0;0;2;0;0;0;0;0;0;0;19;20000;5;0;0;0;0;0;;
146;探测项链;20;121;1;0;0;0;248;8000;0;0;0;0;0;0;0;0;0;0;0;1;20000;5;0;0;0;0;0;;
147;困魔咒;4;2;1;0;0;0;0;28;0;0;0;0;0;0;0;0;0;0;0;1;8000;5;0;0;0;0;0;;
148;召唤骷髅;4;2;1;0;0;0;0;19;0;0;0;0;0;0;0;0;0;0;0;1;2000;5;0;0;0;0;0;;
149;隐身术;4;2;1;0;0;0;0;20;0;0;0;0;0;0;0;0;0;0;0;1;2000;5;0;0;0;0;0;;
150;集体隐身术;4;2;1;0;0;0;0;21;0;0;0;0;0;0;0;0;0;0;0;1;2727;5;0;0;0;0;0;;
151;诱惑之光;4;1;1;0;0;0;0;13;0;0;0;0;0;0;0;0;0;0;0;1;1000;5;0;0;0;0;0;;
152;瞬息移动;4;1;1;0;0;0;0;19;0;0;0;0;0;0;0;0;0;0;0;1;2000;5;0;0;0;0;0;;
153;火墙;4;1;1;0;0;0;0;24;0;0;0;0;0;0;0;0;0;0;0;1;4545;5;0;0;0;0;0;;
154;爆裂火焰;4;1;1;0;0;0;0;22;0;0;0;0;0;0;0;0;0;0;0;1;2727;5;0;0;0;0;0;;
155;地狱雷光;4;1;1;0;0;0;0;30;0;0;0;0;0;0;0;0;0;0;0;1;8000;5;0;0;0;0;0;;
156;半月弯刀;4;0;1;0;0;0;0;28;0;0;0;0;0;0;0;0;0;0;0;1;8000;5;0;0;0;0;0;;
157;太阳水;0;1;1;0;0;0;16;0;30;0;40;0;0;0;0;0;0;0;0;1;909;5;0;0;0;0;0;;
158;祖玛头像;44;1;1;0;0;0;271;0;0;0;0;0;0;0;0;0;0;0;0;1;1000;5;0;0;0;0;0;;
159;介绍信;50;0;1;1;1;1;266;1;0;0;0;0;0;0;0;0;0;0;0;0;1;1;0;0;0;0;0;;
160;随机传送卷;3;2;1;0;0;0;404;1;0;0;0;0;0;0;0;0;0;0;0;1;100;1;0;0;0;0;0;;
161;无极棍;5;21;15;0;0;0;52;25000;0;0;0;0;8;16;0;0;3;5;3;25;40000;5;0;0;0;0;0;;
162;血饮;5;22;12;0;0;0;53;20000;0;5;0;0;6;16;3;5;0;0;2;27;40000;5;0;0;0;0;0;;
163;裁决之杖;6;24;80;0;0;0;55;32000;0;0;0;0;0;30;0;0;0;0;0;30;50000;5;0;0;0;0;0;;
164;记忆戒指;22;122;1;0;0;0;178;7000;0;0;0;0;0;0;0;0;1;3;0;26;10000;5;0;0;0;0;0;;
165;记忆项链;19;123;1;0;0;0;247;8000;0;0;0;0;2;4;0;0;0;0;0;26;10000;5;0;0;0;0;0;;
166;记忆手镯;24;124;1;0;0;0;212;6000;0;0;0;0;0;0;1;1;0;0;0;26;10000;5;0;0;0;0;0;;
167;记忆头盔;15;125;7;0;0;0;109;8000;3;3;0;0;0;0;0;0;0;0;0;26;10000;5;0;0;0;0;0;;
168;祈祷之刃;5;23;10;0;0;8;54;20000;0;3;0;1;8;20;0;0;0;0;0;20;30000;5;0;0;0;0;0;;
169;祈祷手镯;26;126;1;0;0;8;213;5000;0;0;0;0;0;2;0;0;0;0;0;15;10000;5;0;0;0;0;0;;
170;祈祷项链;21;127;1;0;0;8;249;5000;0;0;0;0;0;0;0;0;0;4;0;15;10000;5;0;0;0;0;0;;
171;祈祷戒指;23;128;1;0;0;8;179;5000;0;0;0;0;0;0;1;5;0;0;0;15;10000;5;0;0;0;0;0;;
172;祈祷头盔;15;129;2;0;0;8;110;5000;3;4;1;2;0;0;0;0;0;0;0;18;20000;5;0;0;0;0;0;;
173;行会回城卷;3;5;1;0;0;0;406;1;0;0;0;0;0;0;0;0;0;0;0;0;800;5;0;0;0;0;0;;
174;修复油;3;9;1;0;0;0;27;1;0;0;0;0;0;0;0;0;0;0;0;0;800;5;0;0;0;0;0;;
175;强效金创药;0;0;3;0;0;0;28;1;90;0;0;0;0;0;0;0;0;0;0;0;540;5;0;0;0;0;0;;
176;强效魔法药;0;0;3;0;0;0;29;1;0;0;150;0;0;0;0;0;0;0;0;0;540;5;0;0;0;0;0;;
177;生命项链;20;0;1;0;0;0;320;6000;0;1;0;0;0;0;1;5;0;0;2;25;10000;5;0;0;0;0;0;;
178;力量戒指;22;0;3;0;0;0;336;6000;0;0;0;0;0;6;0;0;0;0;1;46;20000;5;0;0;0;0;0;;
179;心灵手镯;26;0;1;0;0;0;328;7000;0;0;0;0;0;0;0;0;1;2;3;24;13000;5;0;0;0;0;0;;
180;黑铁头盔;15;0;20;0;0;0;344;10000;4;5;2;3;0;0;0;0;0;0;1;46;40000;5;0;0;0;0;0;;
181;烈火剑法;4;0;1;0;0;0;0;35;0;0;0;0;0;0;0;0;0;0;0;0;20000;5;0;0;0;0;0;;
182;野蛮冲撞;4;0;1;0;0;0;0;30;0;0;0;0;0;0;0;0;0;0;0;0;8000;5;0;0;0;0;0;;
183;心灵启示;4;2;1;0;0;0;0;26;0;0;0;0;0;0;0;0;0;0;0;0;9091;5;0;0;0;0;0;;
184;群体治疗术;4;2;1;0;0;0;0;33;0;0;0;0;0;0;0;0;0;0;0;0;10000;5;0;0;0;0;0;;
185;召唤神兽;4;2;1;0;0;0;0;35;0;0;0;0;0;0;0;0;0;0;0;0;20000;5;0;0;0;0;0;;
186;魔法盾;4;1;1;0;0;0;0;31;0;0;0;0;0;0;0;0;0;0;0;0;10000;5;0;0;0;0;0;;
187;圣言术;4;1;1;0;0;0;0;32;0;0;0;0;0;0;0;0;0;0;0;0;10000;5;0;0;0;0;0;;
188;冰咆哮;4;1;1;0;0;0;0;35;0;0;0;0;0;0;0;0;0;0;0;0;20000;5;0;0;0;0;0;;
189;超级金创药;31;100;20;0;0;0;313;0;0;0;0;0;0;0;0;0;0;0;0;0;3409;5;0;0;0;0;0;;
190;超级魔法药;31;101;20;0;0;0;314;0;0;0;0;0;0;0;0;0;0;0;0;0;3409;5;0;0;0;0;0;;
191;强效太阳水;0;1;2;0;0;0;312;0;50;0;80;0;0;0;0;0;0;0;0;0;1818;5;0;0;0;0;0;;
192;骰子;45;6;1;0;0;0;360;1;0;0;0;0;0;0;0;0;0;0;0;0;3000;5;0;0;0;0;0;;
193;佛牌;45;2;1;0;0;0;368;1;0;0;0;0;0;0;0;0;0;0;0;0;500;5;0;0;0;0;0;;
194;黑铁矿石;43;0;4;0;0;0;284;30000;0;0;0;0;0;0;0;0;0;0;0;0;4500;5;0;0;0;0;0;;
195;彩票;3;11;1;0;0;0;265;1;0;0;0;0;0;0;0;0;0;0;0;0;500;5;0;0;0;0;0;;
196;疗伤药;0;1;1;0;0;0;14;1;100;0;160;0;0;0;0;0;0;0;0;0;10000;5;0;0;0;0;0;;
197;特殊药水;0;3;1;0;0;0;14;1;0;0;0;0;0;0;0;0;0;0;0;0;100;5;0;0;0;0;0;;
198;药剂师的信;46;1;1;0;0;0;266;1;0;0;0;0;0;0;0;0;0;0;0;0;10;5;0;0;0;0;0;;
199;命运之刃;5;29;48;0;0;0;65;20000;0;0;0;0;12;16;0;0;0;0;0;35;23000;5;0;0;0;0;0;;
200;屠龙;5;26;99;0;0;0;57;33000;0;1;0;0;5;35;0;0;0;0;0;34;60000;5;0;0;0;0;0;;
201;骨玉权杖;6;28;20;0;0;0;59;18000;0;0;0;0;6;12;2;6;0;0;0;35;50000;5;0;0;0;0;0;;
202;龙纹剑;5;25;40;0;0;0;56;22000;0;0;0;0;8;20;0;0;3;6;0;35;50000;5;0;0;0;0;0;;
203;嗜魂法杖;6;27;26;0;0;0;58;10000;0;3;0;0;6;13;2;8;0;0;0;35;50000;5;0;0;0;0;0;;
204;火把;30;0;3;0;0;0;131;20000;0;0;0;0;0;0;0;0;0;0;0;0;500;5;0;0;0;0;0;;
205;头盔;15;0;5;0;0;0;105;1000;0;0;0;0;0;0;0;0;0;0;0;1;10;5;0;0;0;0;0;;
206;鹿茸;0;1;5;0;0;0;6;1;100;0;100;0;0;0;0;0;0;0;0;0;4545;5;0;0;0;0;0;;
207;紫碧螺;22;0;2;0;0;0;183;5000;0;0;0;0;0;0;0;5;0;0;2;24;15000;5;0;0;0;0;0;;
208;泰坦戒指;22;0;3;0;0;0;182;5000;0;0;0;0;0;0;0;0;2;6;3;24;15000;5;0;0;0;0;0;;
209;幽灵手套;26;0;5;0;0;0;186;8000;0;3;0;0;0;0;0;0;0;0;0;25;8000;5;0;0;0;0;0;;
210;阎罗手套;26;0;10;0;0;0;187;8000;0;4;0;0;0;0;0;0;0;0;0;30;10000;5;0;0;0;0;0;;
211;龙之手镯;26;0;3;0;0;0;214;6000;0;0;0;0;0;0;0;3;0;0;2;28;12000;5;0;0;0;0;0;;
212;天珠项链;20;0;1;0;0;0;218;7000;0;0;0;0;0;0;0;0;1;5;3;22;10000;5;0;0;0;0;0;;
213;幽灵项链;20;0;1;0;0;0;219;8000;0;0;0;0;0;5;0;0;0;0;0;24;10000;5;0;0;0;0;0;;
214;金条;47;0;10;0;0;0;117;1;0;0;0;0;0;0;0;0;0;0;0;0;10;5;0;0;0;0;0;;
215;鹿血;0;1;1;0;0;0;23;1;20;0;20;0;0;0;0;0;0;0;0;0;4000;5;0;0;0;0;0;;
216;神秘戒指;22;130;1;0;0;0;181;5000;0;0;0;0;0;0;0;0;0;0;0;18;27;5;0;0;0;0;0;;
217;神秘腰带;26;131;1;0;0;0;215;8000;0;0;0;0;0;0;0;0;0;0;0;18;27;5;0;0;0;0;0;;
218;神秘头盔;15;132;10;0;0;0;111;10000;0;0;0;0;0;0;0;0;0;0;0;18;27;5;0;0;0;0;0;;
219;神水;0;2;1;0;0;0;119;1;0;0;0;0;0;0;0;0;0;0;0;0;100;5;0;0;0;0;0;;
220;万年雪霜;0;1;2;0;0;0;260;1;100;0;100;0;0;0;0;0;0;0;0;0;4000;5;0;0;0;0;0;;
221;魔力手镯;26;0;2;0;0;0;290;4000;0;0;0;0;0;1;0;0;0;0;0;20;7273;5;0;0;0;0;0;;
222;筹码;46;1;2;0;0;0;391;1;0;0;0;0;0;0;0;0;0;0;0;0;1000;5;0;0;0;0;0;;
223;神秘药水;0;1;5;0;0;0;4;1;20;0;20;0;0;0;0;0;0;0;0;0;100;5;0;0;0;0;0;;
224;金创药(小)包;31;102;8;0;0;0;399;0;0;0;0;0;0;0;0;0;0;0;0;0;680;5;0;0;0;0;0;;
225;魔法药(小)包;31;103;8;0;0;0;395;0;0;0;0;0;0;0;0;0;0;0;0;0;680;5;0;0;0;0;0;;
226;金创药(中)包;31;104;14;0;0;0;401;0;0;0;0;0;0;0;0;0;0;0;0;0;1500;5;0;0;0;0;0;;
227;魔法药(中)包;31;105;14;0;0;0;397;0;0;0;0;0;0;0;0;0;0;0;0;0;1500;5;0;0;0;0;0;;
228;地牢逃脱卷包;31;106;8;0;0;0;409;0;0;0;0;0;0;0;0;0;0;0;0;0;800;5;0;0;0;0;0;;
229;随机传送卷包;31;107;8;0;0;0;405;0;0;0;0;0;0;0;0;0;0;0;0;0;800;5;0;0;0;0;0;;
230;回城卷包;31;108;8;0;0;0;403;0;0;0;0;0;0;0;0;0;0;0;0;0;3000;5;0;0;0;0;0;;
231;行会回城卷包;31;109;8;0;0;0;407;0;0;0;0;0;0;0;0;0;0;0;0;0;5500;5;0;0;0;0;0;;
232;筹码包;31;110;14;0;0;0;390;0;0;0;0;0;0;0;0;0;0;0;0;0;6200;5;0;0;0;0;0;;
233;攻击神水;3;12;3;0;0;0;18;0;0;0;0;300;10;0;0;0;0;0;0;0;2000;5;0;0;0;0;0;使用后5分钟内攻击+10;
234;魔力神水;3;12;3;0;0;0;19;0;0;0;0;300;0;0;10;0;0;0;0;0;2000;5;0;0;0;0;0;使用后5分钟内魔法+10;
235;道力神水;3;12;3;0;0;0;20;0;0;0;0;300;0;0;0;0;10;0;0;0;2000;5;0;0;0;0;0;使用后5分钟内道术+10;
236;疾速神水;3;12;3;0;0;0;18;0;0;5;0;300;0;0;0;0;0;0;0;0;2000;5;0;0;0;0;0;使用后5分钟内攻击速+5;
237;HP强化水;3;12;3;0;0;0;424;0;50;0;0;120;0;0;0;0;0;0;0;0;2000;5;0;0;0;0;0;;
238;MP强化水;3;12;3;0;0;0;422;0;0;0;50;120;0;0;0;0;0;0;0;0;2000;5;0;0;0;0;0;;
239;金砖;47;0;52;0;0;0;121;1;0;0;0;0;0;0;0;0;0;0;0;0;10;5;0;0;0;0;0;;
240;攻击力药水;3;12;3;0;0;0;425;0;0;0;0;180;7;0;0;0;0;0;0;0;4000;5;0;0;0;0;0;;
241;魔法力药水;3;12;3;0;0;0;423;0;0;0;0;180;0;0;5;0;0;0;0;0;4000;5;0;0;0;0;0;;
242;道术力药水;3;12;3;0;0;0;421;0;0;0;0;180;0;0;0;0;5;0;0;0;4000;5;0;0;0;0;0;;
243;疾风药水;3;12;3;0;0;0;420;0;0;2;0;180;0;0;0;0;0;0;0;0;4000;5;0;0;0;0;0;;
244;HP强化水(中);3;12;3;0;0;0;424;0;100;0;0;120;0;0;0;0;0;0;0;0;4000;5;0;0;0;0;0;;
245;MP强化水(中);3;12;3;0;0;0;422;0;0;0;100;120;0;0;0;0;0;0;0;0;4000;5;0;0;0;0;0;;
246;强效攻击力药水;3;12;3;0;0;0;425;0;0;0;0;180;9;0;0;0;0;0;0;0;6000;5;0;0;0;0;0;;
247;强效魔法力药水;3;12;3;0;0;0;423;0;0;0;0;180;0;0;7;0;0;0;0;0;6000;5;0;0;0;0;0;;
248;强效道术力药水;3;12;3;0;0;0;421;0;0;0;0;180;0;0;0;0;7;0;0;0;6000;5;0;0;0;0;0;;
249;强效HP强化水;3;12;3;0;0;0;424;0;150;0;0;120;0;0;0;0;0;0;0;0;6000;5;0;0;0;0;0;;
250;强效MP强化水;3;12;3;0;0;0;422;0;0;0;150;120;0;0;0;0;0;0;0;0;6000;5;0;0;0;0;0;;
251;超级攻击力药水;3;12;3;0;0;0;425;0;0;0;0;240;11;0;0;0;0;0;0;0;8000;5;0;0;0;0;0;;
252;超级魔法力药水;3;12;3;0;0;0;423;0;0;0;0;240;0;0;9;0;0;0;0;0;8000;5;0;0;0;0;0;;
253;超级道术力药水;3;12;3;0;0;0;421;0;0;0;0;240;0;0;0;0;9;0;0;0;8000;5;0;0;0;0;0;;
254;超级HP强化水;3;12;3;0;0;0;424;0;200;0;0;180;0;0;0;0;0;0;0;0;8000;5;0;0;0;0;0;;
255;超级MP强化水;3;12;3;0;0;0;422;0;0;0;200;180;0;0;0;0;0;0;0;0;8000;5;0;0;0;0;0;;
256;超级疾风药水;3;12;3;0;0;0;420;0;0;4;0;240;0;0;0;0;0;0;0;0;8000;5;0;0;0;0;0;;
257;强效疾风药水;3;12;3;0;0;0;420;0;0;3;0;180;0;0;0;0;0;0;0;0;6000;5;0;0;0;0;0;;
258;苹果;3;12;3;0;0;0;426;0;200;2;200;240;10;0;10;0;10;0;0;0;60000;5;0;0;0;0;0;;
259;赤血魔剑;5;30;22;0;0;0;66;22000;0;1;0;0;15;10;4;3;4;2;0;35;100000;5;0;0;0;0;0;;
260;魔血戒指;22;133;2;25;0;0;430;4000;0;0;0;0;1;3;0;0;1;0;0;33;10000;5;0;0;0;0;0;;
261;魔血手镯;26;134;2;25;0;0;429;4000;0;0;0;0;0;0;0;0;0;1;0;33;10000;5;0;0;0;0;0;;
262;魔血项链;20;135;2;25;0;0;428;4000;0;0;0;0;2;2;1;3;0;0;0;33;10000;5;0;0;0;0;0;;
263;虹魔戒指;22;136;2;5;0;0;433;4000;0;0;0;0;0;4;0;0;0;0;0;33;10000;5;0;0;0;0;0;;
264;虹魔手镯;26;137;2;5;0;0;434;4000;0;0;0;0;0;0;0;0;0;2;0;33;10000;5;0;0;0;0;0;;
265;虹魔项链;20;138;2;5;0;0;432;4000;0;0;0;0;0;0;0;4;0;0;0;33;10000;5;0;0;0;0;0;;
266;护身符(大);25;5;1;0;0;0;270;20000;0;0;0;0;0;0;0;0;0;0;0;0;1000;5;0;0;0;0;0;;
267;战神盔甲(男);10;3;45;0;0;0;62;30000;5;9;3;5;0;0;0;0;0;0;1;46;35000;5;0;0;0;0;0;;
268;战神盔甲(女);11;3;45;0;0;0;82;30000;5;9;3;5;0;0;0;0;0;0;1;46;35000;5;0;0;0;0;0;;
269;幽灵战衣(男);10;5;26;0;0;0;64;28000;4;7;3;3;0;0;0;0;1;4;3;27;35000;5;0;0;0;0;0;;
270;幽灵战衣(女);11;5;26;0;0;0;84;28000;4;7;3;3;0;0;0;0;1;4;3;27;35000;5;0;0;0;0;0;;
271;恶魔长袍(男);10;4;19;0;0;0;63;28000;4;7;3;4;0;0;1;4;0;0;2;28;35000;5;0;0;0;0;0;;
272;恶魔长袍(女);11;4;19;0;0;0;83;28000;4;7;3;4;0;0;1;4;0;0;2;28;35000;5;0;0;0;0;0;;
273;中型盔甲(男);10;2;18;0;0;0;61;12000;3;5;1;2;0;0;0;0;0;0;0;16;5500;100;0;0;0;0;0;;
274;中型盔甲(女);11;2;18;0;0;0;81;12000;3;5;1;2;0;0;0;0;0;0;0;16;5500;100;0;0;0;0;0;;
275;圣战头盔;15;0;20;0;0;15;104;7000;4;5;2;3;0;1;0;0;0;0;1;40;20000;5;0;0;0;0;0;;
276;圣战项链;20;0;2;0;0;15;229;7000;0;0;0;0;3;6;0;0;0;0;1;40;20000;5;0;0;0;0;0;;
277;圣战手镯;26;0;2;0;0;15;196;7000;0;1;0;0;2;3;0;0;0;0;1;40;20000;5;0;0;0;0;0;;
278;圣战戒指;22;0;2;0;0;15;147;7000;0;0;0;1;0;7;0;0;0;0;1;40;20000;5;0;0;0;0;0;;
279;法神头盔;15;0;2;10;0;16;101;7000;4;4;1;2;0;0;0;1;0;0;2;28;20000;5;0;0;0;0;0;;
280;法神项链;20;0;1;10;0;16;226;7000;1;2;0;0;0;0;1;8;0;0;2;28;20000;5;0;0;0;0;0;;
281;法神手镯;26;0;1;10;0;16;197;7000;0;1;0;0;0;0;0;4;0;0;2;28;20000;5;0;0;0;0;0;;
282;法神戒指;22;0;1;10;0;16;158;7000;0;0;0;1;0;0;1;6;0;0;2;28;20000;5;0;0;0;0;0;;
283;天尊头盔;15;0;3;0;0;17;102;7000;4;4;1;2;0;0;0;0;0;1;3;26;20000;5;0;0;0;0;0;;
284;天尊项链;20;0;1;0;0;17;234;7000;1;2;0;0;0;0;0;0;2;7;3;26;20000;5;0;0;0;0;0;;
285;天尊手镯;26;0;1;0;0;17;195;7000;1;2;0;0;0;0;0;0;1;4;3;26;20000;5;0;0;0;0;0;;
286;天尊戒指;22;0;1;0;0;17;157;7000;0;0;0;1;0;0;0;0;2;7;3;26;20000;5;0;0;0;0;0;;
287;罗刹;5;7;3;0;0;0;40;27000;0;0;0;0;15;0;2;0;2;0;0;1;10000;50;0;0;0;0;0;;
288;祈福项链;20;0;1;0;0;0;218;7000;0;0;0;0;0;0;0;0;0;0;3;22;100;5;0;0;0;0;0;;
289;荣誉勋章11号;30;0;1;0;0;0;393;50000;0;1;0;0;0;0;0;0;0;0;0;0;5000;5;0;0;0;0;0;;
290;荣誉勋章12号;30;0;1;0;0;0;393;50000;0;0;0;1;0;0;0;0;0;0;0;0;5000;5;0;0;0;0;0;;
291;荣誉勋章13号;30;0;1;0;0;0;393;50000;0;0;0;0;0;1;0;0;0;0;0;0;5000;5;0;0;0;0;0;;
292;荣誉勋章14号;30;0;1;0;0;0;393;50000;0;0;0;0;0;0;0;1;0;0;0;0;5000;5;0;0;0;0;0;;
293;荣誉勋章15号;30;0;1;0;0;0;393;50000;0;0;0;0;0;0;0;0;0;1;0;0;5000;5;0;0;0;0;0;;
294;荣誉勋章21号;30;0;1;0;0;0;393;50000;0;2;0;0;0;0;0;0;0;0;0;0;5000;5;0;0;0;0;0;;
295;荣誉勋章22号;30;0;1;0;0;0;393;50000;0;0;0;2;0;0;0;0;0;0;0;0;5000;5;0;0;0;0;0;;
296;荣誉勋章23号;30;0;1;0;0;0;393;50000;0;0;0;0;0;2;0;0;0;0;0;0;5000;5;0;0;0;0;0;;
297;荣誉勋章24号;30;0;1;0;0;0;393;50000;0;0;0;0;0;0;0;2;0;0;0;0;5000;5;0;0;0;0;0;;
298;荣誉勋章25号;30;0;1;0;0;0;393;50000;0;0;0;0;0;0;0;0;0;2;0;0;5000;5;0;0;0;0;0;;
299;荣誉勋章31号;30;0;1;0;0;0;393;50000;1;2;0;0;0;0;0;0;0;0;0;0;5000;5;0;0;0;0;0;;
300;荣誉勋章32号;30;0;1;0;0;0;393;50000;0;0;1;2;0;0;0;0;0;0;0;0;5000;5;0;0;0;0;0;;
301;荣誉勋章33号;30;0;1;0;0;0;393;50000;0;0;0;0;1;2;0;0;0;0;0;0;5000;5;0;0;0;0;0;;
302;荣誉勋章34号;30;0;1;0;0;0;393;50000;0;0;0;0;0;0;1;2;0;0;0;0;5000;5;0;0;0;0;0;;
303;荣誉勋章35号;30;0;1;0;0;0;393;50000;0;0;0;0;0;0;0;0;1;2;0;0;5000;5;0;0;0;0;0;;
304;荣誉勋章41号;30;0;1;0;0;0;393;50000;1;3;0;0;0;0;0;0;0;0;0;0;5000;5;0;0;0;0;0;;
305;荣誉勋章42号;30;0;1;0;0;0;393;50000;0;0;1;3;0;0;0;0;0;0;0;0;5000;5;0;0;0;0;0;;
306;荣誉勋章43号;30;0;1;0;0;0;393;50000;0;0;0;0;1;3;0;0;0;0;0;0;5000;5;0;0;0;0;0;;
307;荣誉勋章44号;30;0;1;0;0;0;393;50000;0;0;0;0;0;0;1;3;0;0;0;0;5000;5;0;0;0;0;0;;
308;荣誉勋章45号;30;0;1;0;0;0;393;50000;0;0;0;0;0;0;0;0;1;3;0;0;5000;5;0;0;0;0;0;;
309;龙牙;5;31;25;0;0;0;69;28000;0;3;0;0;10;18;3;6;0;0;2;28;85000;100;0;0;0;0;0;;
310;怒斩;5;32;85;0;0;0;70;35000;0;5;0;0;12;26;0;0;0;0;1;42;85000;100;0;0;0;0;0;;
311;逍遥扇;5;33;45;0;0;0;71;30000;0;3;0;0;5;13;0;0;4;10;0;35;85000;100;0;0;0;0;0;;
312;天魔神甲;10;6;62;0;0;0;85;35000;5;12;4;7;1;2;0;0;0;0;0;40;35000;5;0;0;0;0;0;;
313;圣战宝甲;11;6;62;0;0;0;88;35000;5;12;4;7;1;2;0;0;0;0;0;40;35000;5;0;0;0;0;0;;
314;法神披风;10;7;21;0;0;0;86;26000;4;9;4;6;0;0;2;5;0;0;0;40;35000;5;0;0;0;0;0;;
315;霓裳羽衣;11;7;21;0;0;0;89;26000;4;9;4;6;0;0;2;5;0;0;0;40;35000;5;0;0;0;0;0;;
316;天尊道袍;10;8;37;0;0;0;87;30000;4;9;4;6;0;0;0;0;2;5;0;40;35000;5;0;0;0;0;0;;
317;天师长袍;11;8;37;0;0;0;90;30000;4;9;4;6;0;0;0;0;2;5;0;40;35000;5;0;0;0;0;0;;
318;命运之刃;5;29;48;0;0;0;65;20000;0;0;0;0;12;22;0;0;0;0;0;30;23000;5;0;0;0;0;0;;
319;霸者之刃;5;29;48;0;0;0;65;30000;0;2;0;0;6;32;2;7;3;8;0;40;23000;5;0;0;0;0;0;;
320;双倍勋章;30;0;1;0;0;18;392;20000;0;0;0;0;0;0;0;0;0;0;0;0;50000;5;0;0;0;0;0;双倍经验持续2小时;
321;金盒;47;0;110;0;0;0;122;1;0;0;0;0;0;0;0;0;0;0;0;0;300000;5;0;0;0;0;0;;
322;红名清洗卡;31;0;1;1;0;0;1088;10000;0;0;0;0;0;0;0;0;0;0;0;0;5000;100;0;0;0;0;0;;
323;玛雅传送卡;31;0;1;2;0;0;1088;10000;0;0;0;0;0;0;0;0;0;0;0;0;5000;100;0;0;0;0;0;;
324;千里传音(小);7;0;1;0;0;0;1000;5000;0;0;0;0;0;0;0;0;0;0;0;0;5000;1;0;0;0;0;0;;
325;记路标石;31;0;1;3;1;0;1024;500;0;0;0;0;0;0;0;0;0;0;0;0;5000;1;0;0;0;0;0;;
326;九珠连环炮;31;1;1;26;0;0;1015;1;0;0;0;0;0;0;0;0;0;0;0;0;5000;5;0;0;0;0;0;;
327;盟重传送石;31;0;1;4;1;0;1010;20;0;0;0;0;0;0;0;0;0;0;0;0;50000;5;0;0;0;0;0;;
328;比奇传送石;31;0;1;5;1;0;999;20;0;0;0;0;0;0;0;0;0;0;0;0;50000;5;0;0;0;0;0;;
329;苍月传送石;31;0;1;6;1;0;1024;20;0;0;0;0;0;0;0;0;0;0;0;0;50000;5;0;0;0;0;0;;
330;封魔传送石;31;0;1;7;1;0;1024;20;0;0;0;0;0;0;0;0;0;0;0;0;50000;5;0;0;0;0;0;;
331;随机传送石;2;3;1;0;0;0;1025;20000;0;0;0;0;0;0;0;0;0;0;0;0;50000;1;0;0;0;0;0;;
332;个性发型;31;0;1;8;0;0;1013;1;0;0;0;0;0;0;0;0;0;0;0;0;20000;5;0;0;0;0;0;;
333;反璞归真;31;0;1;9;0;0;1013;1;0;0;0;0;0;0;0;0;0;0;0;0;20000;5;0;0;0;0;0;;
334;表情卡;31;0;1;30;0;0;1088;0;0;0;0;0;0;0;0;0;0;0;0;0;20000;5;0;0;0;0;0;;
335;双倍经验宝典;31;0;1;11;0;0;989;20000;0;0;0;0;0;0;0;0;0;0;0;1;20000;5;0;0;0;0;0;;
336;三倍经验宝典;31;0;1;12;0;0;989;30000;0;0;0;0;0;0;0;0;0;0;0;1;20000;5;0;0;0;0;0;;
337;10元宝;31;0;1;13;0;0;1120;1;0;0;0;0;0;0;0;0;0;0;0;1;20000;5;0;0;0;0;0;;
338;20元宝;31;0;1;14;0;0;1120;1;0;0;0;0;0;0;0;0;0;0;0;1;20000;5;0;0;0;0;0;;
339;50元宝;31;0;1;15;0;0;1120;1;0;0;0;0;0;0;0;0;0;0;0;1;20000;5;0;0;0;0;0;;
340;100元宝;31;0;1;16;0;0;1120;1;0;0;0;0;0;0;0;0;0;0;0;1;20000;5;0;0;0;0;0;;
341;500元宝;31;0;1;17;0;0;1120;1;0;0;0;0;0;0;0;0;0;0;0;1;20000;5;0;0;0;0;0;;
342;千里传音(大);7;0;1;0;0;0;1000;10000;0;0;0;0;0;0;0;0;0;0;0;0;5000;1;0;0;0;0;0;;
343;修复神水;2;9;1;0;0;0;120;1000;0;0;0;0;0;0;0;0;0;0;0;1;3409;5;0;0;0;0;0;;
344;移动仓库卷;31;0;1;18;0;0;1121;1;0;0;0;0;0;0;0;0;0;0;0;0;50000;5;0;0;0;0;0;;
345;一心一意;31;1;1;19;0;0;1016;0;0;0;0;0;0;0;0;0;0;0;0;1;3409;5;0;0;0;0;0;;
346;心心相印;31;1;1;20;0;0;1016;0;0;0;0;0;0;0;0;0;0;0;0;1;3409;5;0;0;0;0;0;;
347;飞火流星;31;1;1;21;0;0;1016;0;0;0;0;0;0;0;0;0;0;0;0;1;3409;5;0;0;0;0;0;;
348;浪漫星雨;31;1;1;22;0;0;1016;0;0;0;0;0;0;0;0;0;0;0;0;1;3409;5;0;0;0;0;0;;
349;绮梦幻想;31;1;1;23;0;0;1016;0;0;0;0;0;0;0;0;0;0;0;0;1;3409;5;0;0;0;0;0;;
350;长空火舞;31;1;1;24;0;0;1016;0;0;0;0;0;0;0;0;0;0;0;0;1;3409;5;0;0;0;0;0;;
351;如雾似梦;31;1;1;25;0;0;1016;0;0;0;0;0;0;0;0;0;0;0;0;1;3409;5;0;0;0;0;0;;
352;一心一意包;31;117;20;0;0;0;1015;0;0;0;0;0;0;0;0;0;0;0;0;0;3409;5;0;0;0;0;0;;
353;心心相印包;31;118;20;0;0;0;1015;0;0;0;0;0;0;0;0;0;0;0;0;0;3409;5;0;0;0;0;0;;
354;飞火流星包;31;119;20;0;0;0;1015;0;0;0;0;0;0;0;0;0;0;0;0;0;3409;5;0;0;0;0;0;;
355;浪漫星雨包;31;120;20;0;0;0;1015;0;0;0;0;0;0;0;0;0;0;0;0;0;3409;5;0;0;0;0;0;;
356;绮梦幻想包;31;121;20;0;0;0;1015;0;0;0;0;0;0;0;0;0;0;0;0;0;3409;5;0;0;0;0;0;;
357;长空火舞包;31;122;20;0;0;0;1015;0;0;0;0;0;0;0;0;0;0;0;0;0;3409;5;0;0;0;0;0;;
358;如雾似梦包;31;123;20;0;0;0;1015;0;0;0;0;0;0;0;0;0;0;0;0;0;3409;5;0;0;0;0;0;;
359;强效太阳包;31;114;20;3;0;0;1007;0;0;0;0;0;0;0;0;0;0;0;0;0;10000;5;0;0;0;0;0;;
360;传送符;25;6;1;0;0;0;270;1000;0;0;0;0;0;0;0;0;0;0;0;0;1000;5;0;0;0;0;0;;
361;圣战大礼包;31;0;1;27;0;0;1030;0;0;0;0;0;0;0;0;0;0;0;0;0;5000;5;0;0;0;0;0;内含首饰一套！;
362;法神大礼包;31;0;1;28;0;0;1030;0;0;0;0;0;0;0;0;0;0;0;0;0;5000;5;0;0;0;0;0;内含首饰一套！;
363;天尊大礼包;31;0;1;29;0;0;1030;0;0;0;0;0;0;0;0;0;0;0;0;0;5000;5;0;0;0;0;0;内含首饰一套！;
364;随机石(小);2;3;1;0;0;0;1025;5000;0;0;0;0;0;0;0;0;0;0;0;0;5000;5;0;0;0;0;0;;
365;宠物卷;31;0;1;32;0;0;1011;3000;0;0;0;0;0;0;0;0;0;0;0;0;5000;5;0;0;0;0;0;购买宝宝，提升宝宝等级;
366;斗笠;15;0;2;0;0;0;1188;8000;0;2;0;2;0;1;0;1;0;1;0;30;20000;5;0;0;0;0;0;;
